193 35 0
123 33 0
182 36 0
194 32 0
32 34 0
41 31 0
141 38 0
52 38 0
67 31 0
45 32 0
16 31 0
4 32 0
191 35 0
175 37 0
212 27 0
61 40 0
144 37 0
23 32 0
33 34 0
112 32 0
92 36 0
20 32 0
93 36 0
30 32 0
133 35 0
129 36 0
57 37 0
113 33 0
190 31 0
5 34 0
199 33 0
102 35 0
242 36 0
164 31 0
210 27 0
95 37 0
106 33 0
29 34 0
196 31 0
105 41 0
107 33 0
59 38 0
170 31 0
90 38 0
63 40 0
243 36 0
120 33 0
110 32 0
180 38 0
58 38 0
22 31 0
97 35 0
13 31 0
131 34 0
221 27 0
181 36 0
151 35 0
184 36 0
108 33 0
54 38 0
152 35 0
222 27 0
137 35 0
36 33 0
128 36 0
56 38 0
98 37 0
148 38 0
115 32 0
94 36 0
28 36 0
236 27 0
171 30 0
233 27 0
42 32 0
72 30 0
173 30 0
104 37 0
142 37 0
216 27 0
157 31 0
187 37 0
174 30 0
82 31 0
19 31 0
211 27 0
160 31 0
235 27 0
215 27 0
51 38 0
91 34 0
38 36 0
156 31 0
114 32 0
134 34 0
197 31 0
185 36 0
77 30 0
169 31 0
143 38 0
76 30 0
135 34 0
239 27 0
1 33 0
168 30 0
48 36 0
74 29 0
205 28 0
109 32 0
204 30 0
183 36 0
127 38 0
119 32 0
100 35 0
203 34 0
84 29 0
213 26 0
17 30 0
85 30 0
158 31 0
53 37 0
161 31 0
220 26 0
2 33 0
201 32 0
99 36 0
25 32 0
3 32 0
189 32 0
96 36 0
167 30 0
103 34 0
44 32 0
139 35 0
8 31 0
237 27 0
39 34 0
31 32 0
227 26 0
62 40 0
24 32 0
149 38 0
206 27 0
80 29 0
207 25 0
163 32 0
153 33 0
231 26 0
6 32 0
111 32 0
202 32 0
101 36 0
223 26 0
47 34 0
126 37 0
125 34 0
226 27 0
73 30 0
9 30 0
68 31 0
118 32 0
230 27 0
12 31 0
217 27 0
10 32 0
14 31 0
234 27 0
200 33 0
18 30 0
195 30 0
831 9 1
691 14 1
711 14 1
546 8 1
1021 9 1
749 13 1
284 11 1
670 10 1
869 14 1
1040 12 1
1058 11 1
429 14 1
307 9 1
1050 13 1
551 8 1
1193 11 1
1053 10 1
422 13 1
340 15 1
606 10 1
628 13 1
376 11 1
524 14 1
443 14 1
400 9 1
887 15 1
897 14 1
246 10 1
979 10 1
607 8 1
1089 10 1
778 14 1
1196 10 1
677 9 1
603 8 1
311 9 1
879 15 1
1030 16 1
366 13 1
573 9 1
1068 11 1
289 10 1
1037 12 1
779 13 1
883 14 1
415 12 1
384 11 1
809 11 1
812 10 1
255 10 1
304 10 1
908 15 1
983 11 1
925 10 1
1170 10 1
1044 12 1
1082 10 1
1034 14 1
1222 11 1
909 15 1
885 15 1
975 10 1
681 10 1
948 9 1
846 11 1
1126 10 1
864 14 1
874 14 1
525 9 1
837 10 1
416 12 1
579 8 1
464 10 1
965 9 1
939 9 1
1207 11 1
498 13 1
835 10 1
815 10 1
1210 10 1
355 14 1
1146 10 1
613 8 1
485 9 1
780 13 1
867 14 1
305 9 1
1221 10 1
353 13 1
876 15 1
838 11 1
973 10 1
804 10 1
477 10 1
1016 9 1
1178 10 1
349 14 1
497 13 1
692 14 1
312 9 1
1094 9 1
724 15 1
1109 10 1
489 10 1
725 15 1
999 9 1
656 9 1
1104 10 1
619 12 1
1143 10 1
1108 11 1
744 12 1
260 10 1
1195 10 1
1022 9 1
978 12 1
771 13 1
337 14 1
385 9 1
387 10 1
994 8 1
862 15 1
1036 12 1
801 11 1
1101 9 1
1150 10 1
1199 11 1
840 11 1
379 10 1
984 12 1
814 11 1
512 13 1
264 9 1
299 9 1
326 14 1
730 15 1
769 13 1
268 10 1
463 9 1
1179 9 1
1147 10 1
446 15 1
708 14 1
758 13 1
277 9 1
850 11 1
348 15 1
558 8 1
911 16 1
1059 10 1
263 9 1
1009 9 1
895 15 1
396 10 1
318 14 1
1073 11 1
754 14 1
1183 10 1
481 10 1
586 8 1
762 12 1
870 15 1
393 10 1
847 11 1
1128 10 1
702 14 1
916 10 1
627 12 1
961 10 1
1162 10 1
1168 11 1
518 14 1
1133 10 1
420 13 1
1054 10 1
611 9 1
949 9 1
530 9 1
331 15 1
1204 10 1
282 10 1
800 10 1
291 11 1
454 14 1
250 10 1
1127 10 1
701 14 1
799 10 1
542 8 1
685 13 1
970 9 1
914 10 1
1102 10 1
359 14 1
824 11 1
841 11 1
1209 11 1
402 10 1
1079 10 1
605 9 1
1096 10 1
601 8 1
568 9 1
945 10 1
1171 11 1
389 10 1
584 8 1
336 15 1
430 13 1
310 10 1
511 15 1
531 8 1
1227 9 1
1004 10 1
522 14 1
598 8 1
1018 9 1
1067 12 1
727 15 1
832 11 1
954 10 1
1228 11 1
394 10 1
917 9 1
757 14 1
344 13 1
1219 10 1
820 10 1
1220 10 1
693 14 1
817 10 1
690 14 1
985 11 1
1114 10 1
292 9 1
865 15 1
1140 10 1
784 13 1
441 14 1
286 10 1
582 9 1
251 9 1
449 14 1
482 11 1
927 9 1
543 8 1
296 9 1
323 14 1
438 14 1
1190 11 1
768 13 1
266 10 1
515 15 1
733 12 1
476 9 1
633 12 1
952 9 1
742 13 1
1176 10 1
295 10 1
1001 8 1
918 9 1
593 8 1
339 14 1
581 8 1
417 13 1
267 10 1
412 13 1
1182 10 1
1212 10 1
462 11 1
536 8 1
667 10 1
414 13 1
445 15 1
964 10 1
849 11 1
1156 12 1
818 10 1
1229 11 1
1005 11 1
423 13 1
418 13 1
562 8 1
614 12 1
1215 11 1
370 10 1
320 15 1
1033 14 1
1186 10 1
777 13 1
898 16 1
734 13 1
437 14 1
772 13 1
623 12 1
1189 10 1
1105 10 1
736 13 1
622 13 1
308 9 1
483 9 1
1115 10 1
699 14 1
1056 10 1
1083 10 1
798 11 1
575 8 1
750 13 1
1185 11 1
684 14 1
682 12 1
1052 10 1
976 11 1
425 13 1
356 13 1
409 13 1
963 9 1
728 15 1
632 12 1
902 15 1
361 13 1
972 9 1
567 8 1
1032 15 1
341 15 1
440 15 1
399 10 1
672 10 1
548 8 1
924 9 1
1158 10 1
457 15 1
1061 11 1
1086 10 1
1015 9 1
1071 11 1
664 9 1
520 15 1
1122 10 1
1194 10 1
1223 10 1
487 10 1
1100 10 1
829 10 1
704 14 1
421 12 1
968 10 1
912 11 1
294 9 1
1025 8 1
585 8 1
569 9 1
448 15 1
703 15 1
747 12 1
500 14 1
1139 11 1
650 10 1
982 12 1
1174 10 1
285 10 1
877 15 1
486 10 1
915 10 1
889 16 1
712 15 1
432 10 1
823 12 1
844 10 1
955 9 1
821 11 1
564 8 1
413 12 1
737 13 1
776 14 1
322 15 1
1110 10 1
272 9 1
1045 13 1
629 13 1
697 15 1
1198 10 1
950 10 1
900 16 1
1184 10 1
871 15 1
786 14 1
1141 11 1
868 14 1
533 8 1
646 9 1
405 13 1
1165 10 1
1224 10 1
367 13 1
709 15 1
1039 12 1
645 10 1
1060 12 1
1097 10 1
302 10 1
254 10 1
785 13 1
1123 10 1
1205 11 1
639 13 1
934 9 1
626 12 1
1103 9 1
287 10 1
576 8 1
1047 13 1
526 10 1
631 12 1
319 14 1
475 10 1
408 12 1
1078 10 1
1135 9 1
986 11 1
1125 10 1
1211 11 1
258 10 1
904 16 1
1107 10 1
1192 10 1
270 10 1
494 10 1
792 11 1
502 14 1
1010 9 1
753 13 1
439 14 1
642 12 1
309 9 1
698 14 1
1216 10 1
1187 10 1
332 13 1
707 15 1
397 9 1
839 10 1
720 15 1
1064 11 1
1027 10 1
935 9 1
1003 8 1
653 9 1
479 10 1
1088 10 1
1020 9 1
621 12 1
1012 9 1
641 12 1
988 12 1
357 13 1
1076 11 1
899 14 1
424 14 1
676 9 1
807 10 1
751 13 1
1002 9 1
351 14 1
325 15 1
290 9 1
756 13 1
919 10 1
618 12 1
953 10 1
1155 11 1
410 14 1
560 8 1
861 14 1
943 10 1
615 12 1
906 15 1
549 8 1
663 9 1
472 9 1
583 8 1
881 15 1
890 16 1
896 14 1
426 12 1
1136 10 1
731 15 1
1116 10 1
649 10 1
1042 13 1
460 11 1
944 9 1
752 13 1
1028 15 1
962 9 1
723 15 1
314 9 1
608 9 1
1026 10 1
1197 10 1
521 14 1
1077 10 1
957 10 1
1038 14 1
1048 12 1
276 9 1
637 12 1
678 9 1
763 13 1
1188 11 1
718 15 1
666 8 1
1074 10 1
1063 11 1
392 10 1
853 11 1
1070 11 1
695 14 1
377 10 1
827 10 1
683 12 1
928 9 1
1046 13 1
363 14 1
508 14 1
781 14 1
700 15 1
539 8 1
566 8 1
1098 12 1
371 10 1
647 9 1
1206 10 1
499 14 1
875 15 1
488 10 1
574 8 1
996 10 1
674 10 1
636 12 1
265 9 1
1173 11 1
600 8 1
364 13 1
788 11 1
1225 10 1
661 9 1
828 10 1
940 9 1
1151 11 1
1148 10 1
714 14 1
810 10 1
1142 10 1
648 9 1
686 15 1
1113 10 1
244 9 1
1080 10 1
905 15 1
471 10 1
937 9 1
360 14 1
732 15 1
327 15 1
503 14 1
507 13 1
491 10 1
836 11 1
1226 11 1
527 9 1
842 11 1
893 14 1
279 9 1
1132 10 1
378 12 1
247 10 1
859 16 1
1049 13 1
705 14 1
992 8 1
920 9 1
1213 10 1
942 9 1
435 14 1
884 15 1
303 8 1
1006 8 1
534 9 1
433 14 1
696 14 1
694 14 1
578 8 1
882 15 1
715 14 1
407 12 1
271 9 1
735 13 1
1084 10 1
316 9 1
946 8 1
652 9 1
687 13 1
1149 9 1
257 10 1
960 10 1
1091 10 1
1134 10 1
860 15 1
1120 11 1
938 10 1
1013 9 1
854 10 1
334 14 1
352 14 1
1160 11 1
350 14 1
587 8 1
764 13 1
293 10 1
951 9 1
1087 10 1
1095 11 1
452 14 1
570 11 1
590 8 1
552 8 1
375 10 1
990 9 1
624 12 1
1069 11 1
278 9 1
588 8 1
504 13 1
411 12 1
373 10 1
713 14 1
1175 10 1
1062 11 1
1106 11 1
808 10 1
857 10 1
478 10 1
625 13 1
369 13 1
1180 10 1
689 14 1
852 10 1
1121 10 1
894 15 1
301 9 1
1085 10 1
997 10 1
315 10 1
866 15 1
802 10 1
657 9 1
442 14 1
391 10 1
466 9 1
1072 10 1
468 11 1
848 10 1
495 10 1
669 11 1
358 14 1
338 15 1
660 9 1
262 9 1
980 11 1
510 14 1
974 9 1
589 8 1
249 10 1
766 13 1
1359 31 2
1307 36 2
1361 30 2
1342 33 2
1585 14 2
1356 32 2
1348 31 2
1613 14 2
1488 27 2
1587 14 2
1385 27 2
1295 29 2
1526 39 2
1461 35 2
1553 22 2
1241 29 2
1503 27 2
1614 14 2
1595 13 2
1231 30 2
1374 28 2
1335 38 2
1232 29 2
1437 31 2
1403 34 2
1510 29 2
1597 14 2
1349 30 2
1556 23 2
1590 14 2
1608 14 2
1577 14 2
1244 29 2
1596 13 2
1238 29 2
1602 14 2
1281 28 2
1270 33 2
1562 14 2
1294 28 2
1445 32 2
1251 28 2
1365 29 2
1502 27 2
1380 28 2
1496 27 2
1297 28 2
1376 29 2
1337 38 2
1386 27 2
1433 31 2
1589 14 2
1408 34 2
1326 38 2
1343 32 2
1555 23 2
1486 30 2
1245 28 2
1389 34 2
1377 28 2
1414 31 2
1246 29 2
1569 14 2
1476 30 2
1409 33 2
1616 13 2
1314 34 2
1583 14 2
1483 31 2
1531 39 2
1453 35 2
1289 29 2
1580 14 2
1543 20 2
1364 28 2
1560 23 2
1258 35 2
1481 29 2
1576 15 2
1400 34 2
1485 30 2
1387 27 2
1504 29 2
1341 31 2
1467 34 2
1373 28 2
1319 34 2
1439 31 2
1398 35 2
1566 14 2
1552 20 2
1242 28 2
1494 28 2
1499 27 2
1450 35 2
1302 34 2
1508 28 2
1615 13 2
1339 39 2
1604 14 2
1274 28 2
1452 35 2
1601 14 2
1266 34 2
1609 14 2
1419 32 2
1475 31 2
1233 29 2
1443 32 2
1521 41 2
1558 22 2
1393 34 2
1268 33 2
1497 27 2
1547 20 2
1351 32 2
1448 33 2
1309 36 2
1524 38 2
1284 29 2
1428 32 2
1493 27 2
1490 29 2
1564 13 2
1422 32 2
1431 31 2
1280 27 2
1322 36 2
1354 31 2
1399 34 2
1568 14 2
1290 30 2
1472 31 2
1378 29 2
1511 38 2
1253 29 2
1430 31 2
1363 32 2
1516 39 2
1412 33 2
1330 38 2
1288 29 2
1282 28 2
1379 29 2
1506 28 2
1425 32 2
1545 22 2
1451 33 2
1575 14 2
1265 34 2
1367 28 2
1239 29 2
1440 32 2
1293 29 2
1410 35 2
1372 28 2
1434 31 2
1593 14 2
1548 20 2
1540 37 2
1482 30 2
1404 34 2
1579 14 2
1456 36 2
1498 28 2
1501 28 2
1256 32 2
1554 22 2
1321 34 2
1346 31 2
1318 35 2
1471 31 2
1509 31 2
1316 38 2
1533 33 2
1479 33 2
1435 30 2
1267 34 2
1261 35 2
1370 28 2
1248 29 2
1603 14 2
1605 13 2
1512 38 2
1406 34 2
1442 32 2
1574 14 2
1269 33 2
1344 32 2
1578 14 2
1296 29 2
1276 30 2
1621 14 2
1444 33 2
1317 38 2
1559 23 2
1283 29 2
1395 34 2
1366 29 2
1465 34 2
1551 20 2
1390 33 2
1397 34 2
1355 30 2
1304 33 2
1571 14 2
1535 35 2
1515 39 2
1323 40 2
1586 14 2
1489 28 2
1619 14 2
1279 27 2
1565 14 2
1240 29 2
1255 29 2
1610 13 2
1470 14 2
1592 14 2
1517 38 2
1477 30 2
1259 35 2
1278 27 2
1334 38 2
1537 35 2
1466 32 2
1573 15 2
1350 31 2
1247 29 2
1622 14 2
1277 27 2
1338 38 2
1528 32 2
1249 31 2
1305 33 2
1415 31 2
1529 33 2
1457 36 2
1480 31 2
1353 31 2
1362 31 2
1612 14 2
1468 35 2
1591 14 2
1469 34 2
1292 30 2
1262 36 2
1534 34 2
1519 39 2
1331 39 2
1336 38 2
1325 38 2
1308 36 2
1286 30 2
1507 28 2
1463 36 2
1381 29 2
1427 32 2
1291 30 2
1272 34 2
1285 29 2
1563 13 2
1243 29 2
1544 22 2
1417 32 2
1514 39 2
1459 35 2
1329 39 2
1462 36 2
1312 34 2
1473 31 2
1313 35 2
1237 28 2
1484 30 2
1420 32 2
1756 31 3
2031 29 3
1868 25 3
2222 22 3
2007 33 3
1741 31 3
1626 29 3
2018 29 3
1942 28 3
2317 22 3
2119 21 3
1953 27 3
1841 31 3
1785 29 3
2010 33 3
1947 29 3
2269 19 3
2001 31 3
1667 30 3
2112 23 3
1840 30 3
2225 22 3
1708 29 3
2216 22 3
1655 31 3
2155 28 3
1751 34 3
2050 30 3
1707 29 3
2025 28 3
1662 32 3
1806 33 3
1995 34 3
2121 22 3
2324 21 3
2336 20 3
1960 28 3
1964 27 3
2208 23 3
2310 22 3
2116 21 3
2150 33 3
2069 29 3
2164 26 3
1928 30 3
2239 22 3
1769 32 3
2040 28 3
2232 21 3
1642 28 3
1637 25 3
2100 22 3
1967 27 3
1935 29 3
1989 34 3
1666 29 3
1819 35 3
2022 30 3
2020 29 3
1690 29 3
1682 29 3
2288 28 3
1696 30 3
1677 27 3
2255 21 3
1939 29 3
2321 21 3
1717 35 3
2153 30 3
2045 32 3
2062 33 3
2074 28 3
2280 30 3
1788 27 3
2309 22 3
2083 27 3
2289 28 3
2029 29 3
2333 21 3
2342 21 3
1822 33 3
2248 22 3
1940 28 3
2067 30 3
2143 34 3
2214 22 3
2252 22 3
1691 29 3
1651 31 3
2212 22 3
2209 23 3
1793 29 3
1635 29 3
1927 28 3
2147 31 3
1895 25 3
1876 23 3
2318 21 3
1699 30 3
1782 27 3
1665 31 3
1992 35 3
2224 22 3
2082 28 3
1730 34 3
1934 28 3
2084 33 3
1818 33 3
2325 20 3
2187 34 3
1786 29 3
2297 28 3
2177 33 3
1988 34 3
2090 27 3
2328 22 3
2284 16 3
1926 27 3
2076 27 3
1888 25 3
2161 26 3
1792 29 3
1740 32 3
2019 28 3
2315 21 3
1780 28 3
2127 22 3
2185 36 3
1766 31 3
1985 34 3
1901 29 3
2086 27 3
2332 22 3
2059 30 3
2237 21 3
1872 23 3
2035 29 3
2229 22 3
2201 34 3
1955 28 3
2156 28 3
1664 31 3
2117 21 3
2093 27 3
2206 22 3
1777 29 3
1944 30 3
2240 22 3
1855 22 3
2103 23 3
1891 24 3
1632 28 3
1630 29 3
2070 28 3
1755 31 3
1849 24 3
1676 29 3
2295 29 3
1847 24 3
1688 29 3
2330 20 3
1925 29 3
2311 21 3
1882 23 3
2314 21 3
2016 34 3
1701 30 3
2265 20 3
2014 35 3
1971 27 3
2273 20 3
1979 34 3
2002 31 3
1850 24 3
2270 20 3
2096 26 3
1745 32 3
1706 29 3
1842 32 3
1734 33 3
2091 27 3
2099 23 3
2107 23 3
2275 22 3
2290 25 3
2148 32 3
1671 29 3
1683 30 3
2236 22 3
1727 35 3
2279 23 3
1931 27 3
1897 29 3
2051 30 3
2213 21 3
1686 28 3
1668 31 3
1712 31 3
1645 27 3
1693 29 3
2011 33 3
2077 28 3
2128 22 3
1893 26 3
2021 30 3
2097 27 3
1920 29 3
1639 28 3
2138 33 3
2205 22 3
1752 33 3
2114 22 3
1698 29 3
2111 22 3
1949 29 3
1936 30 3
1903 28 3
1795 28 3
2115 21 3
2278 18 3
2141 32 3
1941 26 3
2139 33 3
1948 30 3
2144 33 3
1673 30 3
2075 27 3
1889 24 3
2106 23 3
2122 22 3
2188 34 3
1624 32 3
1749 32 3
2146 31 3
1685 27 3
2202 24 3
2323 21 3
2277 24 3
2285 14 3
2238 21 3
1760 31 3
2271 21 3
2307 20 3
1680 29 3
1898 29 3
2163 27 3
1638 28 3
1870 23 3
2231 22 3
2113 23 3
2168 27 3
1715 31 3
1700 29 3
1629 29 3
1883 23 3
2094 27 3
2287 28 3
1966 26 3
1692 28 3
1866 24 3
1916 29 3
2204 22 3
1672 31 3
2272 21 3
1877 24 3
1945 28 3
1817 34 3
1803 34 3
2027 28 3
1886 23 3
2073 27 3
2005 31 3
2304 20 3
1917 29 3
1778 29 3
1857 24 3
1679 29 3
1837 33 3
1697 29 3
2281 27 3
1770 32 3
1965 27 3
2055 31 3
2026 28 3
2175 33 3
1978 34 3
2085 27 3
2305 23 3
1984 35 3
2250 21 3
2244 14 3
1836 32 3
1725 36 3
1747 32 3
2104 22 3
2329 21 3
2172 34 3
1974 26 3
2312 21 3
1963 27 3
2181 32 3
2267 21 3
1779 28 3
2110 23 3
1990 35 3
2294 29 3
1975 26 3
2003 31 3
1644 28 3
1623 29 3
2263 20 3
1977 35 3
1994 34 3
1845 23 3
2159 26 3
1887 25 3
2152 27 3
2301 28 3
1885 22 3
2293 30 3
1772 31 3
1853 25 3
2266 20 3
2286 24 3
2331 21 3
1716 32 3
1754 31 3
1954 27 3
1938 31 3
1765 32 3
1991 36 3
1771 32 3
1946 27 3
2220 21 3
2165 27 3
2183 34 3
1884 23 3
1831 31 3
2130 21 3
2095 27 3
2081 28 3
2136 22 3
1976 35 3
1937 32 3
1790 29 3
2264 20 3
2043 28 3
2042 29 3
2296 28 3
2340 21 3
2242 26 3
2120 22 3
1987 35 3
2134 22 3
1823 31 3
1659 30 3
2300 28 3
2217 22 3
2142 33 3
1832 29 3
2135 22 3
2046 31 3
2302 23 3
2169 27 3
2048 30 3
1775 31 3
1704 28 3
1914 28 3
1950 28 3
1859 23 3
2259 22 3
1881 24 3
1830 32 3
1649 32 3
2049 29 3
1726 35 3
1899 28 3
1839 32 3
1896 29 3
1743 31 3
2215 22 3
1764 31 3
2174 34 3
2028 29 3
1761 31 3
1636 27 3
1627 30 3
2298 29 3
1894 27 3
2249 22 3
1834 30 3
2210 23 3
2339 21 3
1863 25 3
1813 35 3
2262 20 3
1921 28 3
1628 30 3
2030 29 3
1731 35 3
1710 31 3
1923 28 3
1762 31 3
1656 31 3
2037 29 3
2254 21 3
1972 27 3
1999 32 3
2151 27 3
1810 33 3
1875 22 3
1833 29 3
1703 28 3
1892 24 3
2133 22 3
1952 27 3
1812 34 3
2126 22 3
1797 28 3
2335 21 3
1980 34 3
2105 23 3
1852 23 3
1902 29 3
2098 27 3
1758 30 3
2132 22 3
1654 31 3
2228 21 3
1918 28 3
1661 32 3
2258 21 3
1689 28 3
2194 32 3
2282 27 3
2068 28 3
1910 29 3
1675 29 3
2233 21 3
2227 22 3
1858 24 3
1802 35 3
1871 24 3
2109 23 3
1625 29 3
1821 34 3
2326 20 3
2057 29 3
2191 34 3
1851 23 3
1746 32 3
1787 28 3
1800 28 3
2158 26 3
2145 32 3
2056 31 3
2186 34 3
1844 21 3
2008 33 3
1732 35 3
1905 28 3
2320 21 3
1824 32 3
2193 33 3
1738 31 3
2054 30 3
2064 34 3
1864 24 3
2203 22 3
1774 31 3
1736 32 3
2319 21 3
2053 31 3
1783 28 3
2052 31 3
2211 23 3
1759 30 3
1838 33 3
2345 21 3
2125 22 3
1913 28 3
1742 31 3
2066 27 3
2000 32 3
2024 28 3
1811 34 3
1723 36 3
2006 32 3
1711 30 3
1737 32 3
2334 21 3
2190 33 3
2200 35 3
1919 28 3
2017 29 3
2039 30 3
1798 28 3
2291 15 3
1773 31 3
2308 21 3
1658 31 3
2171 34 3
1862 26 3
1634 29 3
2221 21 3
1997 30 3