637497952852154220,16.24402,938563,1,(0.1, 0.3, 1.0)
637497952852154220,16.46434,938563,2,(0.1, 0.3, 1.0)
637497952852154220,16.47637,938563,3,(0.1, 0.3, 1.0)
637497952852154220,16.48863,938563,4,(0.1, 0.3, 1.0)
637497952852154220,16.49991,938563,5,(0.1, 0.3, 1.0)
637497952852154220,16.51156,938563,6,(0.1, 0.3, 1.0)
637497952852154220,16.52243,938563,7,(0.1, 0.3, 1.0)
637497952852154220,16.53315,938563,8,(0.1, 0.3, 1.0)
637497952852154220,16.54414,938563,9,(0.1, 0.3, 1.0)
637497952852154220,16.55554,938563,10,(0.1, 0.2, 1.0)
637497952852154220,16.56724,938563,11,(0.1, 0.2, 1.0)
637497952852154220,16.57742,938563,12,(0.1, 0.2, 1.0)
637497952852154220,16.58862,938563,13,(0.1, 0.3, 1.0)
637497952852154220,16.59947,938563,14,(0.1, 0.3, 0.9)
637497952852154220,16.61071,938563,15,(0.0, 0.3, 0.9)
637497952852154220,16.62219,938563,16,(0.1, 0.3, 0.9)
637497952852154220,16.63328,938563,17,(0.0, 0.3, 0.9)
637497952852154220,16.64413,938563,18,(0.0, 0.4, 0.9)
637497952852154220,16.65528,938563,19,(0.0, 0.4, 0.9)
637497952852154220,16.66653,938563,20,(0.0, 0.4, 0.9)
637497952852154220,16.67752,938563,21,(0.0, 0.4, 0.9)
637497952852154220,16.68863,938563,22,(0.0, 0.3, 0.9)
637497952852154220,16.69964,938563,23,(0.0, 0.3, 0.9)
637497952852154220,16.71069,938563,24,(0.1, 0.3, 0.9)
637497952852154220,16.7219,938563,25,(0.1, 0.3, 0.9)
637497952852154220,16.73315,938563,26,(0.1, 0.3, 0.9)
637497952852154220,16.74409,938563,27,(0.1, 0.3, 0.9)
637497952852154220,16.75535,938563,28,(0.1, 0.3, 0.9)
637497952852154220,16.76624,938563,29,(0.0, 0.3, 0.9)
637497952852154220,16.77749,938563,30,(0.0, 0.3, 0.9)
637497952852154220,16.78868,938563,31,(0.0, 0.3, 0.9)
637497952852154220,16.79967,938563,32,(0.0, 0.3, 0.9)
637497952852154220,16.81073,938563,33,(0.0, 0.3, 0.9)
637497952852154220,16.82215,938563,34,(0.1, 0.3, 0.9)
637497952852154220,16.833,938563,35,(0.1, 0.3, 0.9)
637497952852154220,16.8443,938563,36,(0.0, 0.3, 0.9)
637497952852154220,16.85579,938563,37,(0.1, 0.3, 0.9)
637497952852154220,16.8672,938563,38,(0.1, 0.3, 0.9)
637497952852154220,16.87735,938563,39,(0.1, 0.3, 0.9)
637497952852154220,16.88854,938563,40,(0.1, 0.3, 0.9)
637497952852154220,16.89969,938563,41,(0.1, 0.3, 0.9)
637497952852154220,16.91078,938563,42,(0.1, 0.3, 0.9)
637497952852154220,16.92185,938563,43,(0.1, 0.3, 0.9)
637497952852154220,16.9339,938563,44,(0.1, 0.3, 0.9)
637497952852154220,16.94404,938563,45,(0.1, 0.3, 0.9)
637497952852154220,16.95534,938563,46,(0.1, 0.3, 0.9)
637497952852154220,16.96643,938563,47,(0.1, 0.3, 0.9)
637497952852154220,16.97749,938563,48,(0.1, 0.3, 0.9)
637497952852154220,16.9889,938563,49,(0.1, 0.3, 0.9)
637497952852154220,17.00007,938563,50,(0.1, 0.3, 0.9)
637497952852154220,17.01081,938563,51,(0.1, 0.3, 0.9)
637497952852154220,17.02218,938563,52,(0.1, 0.3, 0.9)
637497952852154220,17.03296,938563,53,(0.1, 0.3, 0.9)
637497952852154220,17.044,938563,54,(0.1, 0.3, 0.9)
637497952852154220,17.05522,938563,55,(0.1, 0.3, 0.9)
637497952852154220,17.06639,938563,56,(0.1, 0.3, 0.9)
637497952852154220,17.07751,938563,57,(0.0, 0.3, 1.0)
637497952852154220,17.08959,938563,58,(0.1, 0.3, 0.9)
637497952852154220,17.1002,938563,59,(0.2, 0.3, 0.9)
637497952852154220,17.11109,938563,60,(0.2, 0.2, 1.0)
637497952852154220,17.12217,938563,61,(0.3, 0.2, 0.9)
637497952852154220,17.13317,938563,62,(0.3, 0.1, 0.9)
637497952852154220,17.14414,938563,63,(0.4, 0.1, 0.9)
637497952852154220,17.15564,938563,64,(0.4, 0.1, 0.9)
637497952852154220,17.16634,938563,65,(0.4, 0.1, 0.9)
637497952852154220,17.17751,938563,66,(0.4, 0.1, 0.9)
637497952852154220,17.18869,938563,67,(0.4, 0.1, 0.9)
637497952852154220,17.1996,938563,68,(0.4, 0.1, 0.9)
637497952852154220,17.21088,938563,69,(0.4, 0.1, 0.9)
637497952852154220,17.22201,938563,70,(0.4, 0.1, 0.9)
637497952852154220,17.23309,938563,71,(0.4, 0.1, 0.9)
637497952852154220,17.24455,938563,72,(0.4, 0.1, 0.9)
637497952852154220,17.2555,938563,73,(0.4, 0.1, 0.9)
637497952852154220,17.26652,938563,74,(0.4, 0.1, 0.9)
637497952852154220,17.2774,938563,75,(0.4, 0.1, 0.9)
637497952852154220,17.2888,938563,76,(0.4, 0.1, 0.9)
637497952852154220,17.29989,938563,77,(0.4, 0.1, 0.9)
637497952852154220,17.31102,938563,78,(0.4, 0.1, 0.9)
637497952852154220,17.32189,938563,79,(0.4, 0.1, 0.9)
637497952852154220,17.33364,938563,80,(0.4, 0.1, 0.9)
637497952852154220,17.34419,938563,81,(0.4, 0.1, 0.9)
637497952852154220,17.35528,938563,82,(0.4, 0.1, 0.9)
637497952852154220,17.36626,938563,83,(0.4, 0.1, 0.9)
637497952852154220,17.37752,938563,84,(0.4, 0.1, 0.9)
637497952852154220,17.38862,938563,85,(0.4, 0.1, 0.9)
637497952852154220,17.39999,938563,86,(0.4, 0.1, 0.9)
637497952852154220,17.41099,938563,87,(0.4, 0.1, 0.9)
637497952852154220,17.42206,938563,88,(0.4, 0.1, 0.9)
637497952852154220,17.43308,938563,89,(0.4, 0.1, 0.9)
637497952852154220,17.44428,938563,90,(0.4, 0.1, 0.9)
637497952852154220,17.45542,938563,91,(0.4, 0.1, 0.9)
637497952852154220,17.46675,938563,92,(0.4, 0.1, 0.9)
637497952852154220,17.47736,938563,93,(0.4, 0.1, 0.9)
637497952852154220,17.48845,938563,94,(0.4, 0.1, 0.9)
637497952852154220,17.49943,938563,95,(0.4, 0.1, 0.9)
637497952852154220,17.51068,938563,96,(0.4, 0.1, 0.9)
637497952852154220,17.5221,938563,97,(0.4, 0.1, 0.9)
637497952852154220,17.53284,938563,98,(0.4, 0.1, 0.9)
637497952852154220,17.54406,938563,99,(0.4, 0.1, 0.9)
637497952852154220,17.55564,938563,100,(0.4, 0.1, 0.9)
637497952852154220,17.56642,938563,101,(0.4, 0.1, 0.9)
637497952852154220,17.5774,938563,102,(0.4, 0.1, 0.9)
637497952852154220,17.58906,938563,103,(0.4, 0.1, 0.9)
637497952852154220,17.59953,938563,104,(0.4, 0.1, 0.9)
637497952852154220,17.61074,938563,105,(0.4, 0.1, 0.9)
637497952852154220,17.62209,938563,106,(0.4, 0.1, 0.9)
637497952852154220,17.63298,938563,107,(0.4, 0.1, 0.9)
637497952852154220,17.64444,938563,108,(0.4, 0.1, 0.9)
637497952852154220,17.65509,938563,109,(0.4, 0.1, 0.9)
637497952852154220,17.66622,938563,110,(0.4, 0.1, 0.9)
637497952852154220,17.67734,938563,111,(0.4, 0.1, 0.9)
637497952852154220,17.68857,938563,112,(0.4, 0.1, 0.9)
637497952852154220,17.69942,938563,113,(0.4, 0.1, 0.9)
637497952852154220,17.71096,938563,114,(0.4, 0.1, 0.9)
637497952852154220,17.72178,938563,115,(0.4, 0.1, 0.9)
637497952852154220,17.73299,938563,116,(0.4, 0.1, 0.9)
637497952852154220,17.74404,938563,117,(0.4, 0.1, 0.9)
637497952852154220,17.75547,938563,118,(0.4, 0.1, 0.9)
637497952852154220,17.76622,938563,119,(0.4, 0.1, 0.9)
637497952852154220,17.77735,938563,120,(0.3, 0.1, 0.9)
637497952852154220,17.78864,938563,121,(0.2, 0.1, 1.0)
637497952852154220,17.79973,938563,122,(0.1, 0.1, 1.0)
637497952852154220,17.81061,938563,123,(0.0, 0.1, 1.0)
637497952852154220,17.822,938563,124,(-0.1, 0.1, 1.0)
637497952852154220,17.83322,938563,125,(-0.1, 0.0, 1.0)
637497952852154220,17.84484,938563,126,(-0.3, 0.0, 1.0)
637497952852154220,17.85565,938563,127,(-0.4, 0.0, 0.9)
637497952852154220,17.86703,938563,128,(-0.4, 0.1, 0.9)
637497952852154220,17.87722,938563,129,(-0.4, 0.0, 0.9)
637497952852154220,17.88841,938563,130,(-0.5, 0.0, 0.9)
637497952852154220,17.89944,938563,131,(-0.5, 0.0, 0.9)
637497952852154220,17.91082,938563,132,(-0.5, 0.0, 0.9)
637497952852154220,17.92182,938563,133,(-0.5, 0.0, 0.9)
637497952852154220,17.93289,938563,134,(-0.5, 0.0, 0.9)
637497952852154220,17.9444,938563,135,(-0.5, 0.0, 0.9)
637497952852154220,17.95553,938563,136,(-0.5, 0.0, 0.9)
637497952852154220,17.96621,938563,137,(-0.5, 0.0, 0.9)
637497952852154220,17.97766,938563,138,(-0.5, 0.0, 0.9)
637497952852154220,17.98866,938563,139,(-0.5, 0.0, 0.9)
637497952852154220,17.9995,938563,140,(-0.5, 0.0, 0.9)
637497952852154220,18.01061,938563,141,(-0.5, 0.0, 0.9)
637497952852154220,18.02209,938563,142,(-0.5, 0.0, 0.9)
637497952852154220,18.03343,938563,143,(-0.5, 0.0, 0.9)
637497952852154220,18.04408,938563,144,(-0.5, 0.0, 0.8)
637497952852154220,18.05535,938563,145,(-0.5, 0.0, 0.8)
637497952852154220,18.0665,938563,146,(-0.5, 0.0, 0.8)
637497952852154220,18.07728,938563,147,(-0.5, 0.0, 0.8)
637497952852154220,18.08842,938563,148,(-0.5, 0.0, 0.8)
637497952852154220,18.09981,938563,149,(-0.5, 0.0, 0.8)
637497952852154220,18.11152,938563,150,(-0.6, 0.2, 0.8)
637497952852154220,18.12199,938563,151,(-0.6, 0.2, 0.8)
637497952852154220,18.13308,938563,152,(-0.6, 0.2, 0.8)
637497952852154220,18.14404,938563,153,(-0.6, 0.2, 0.8)
637497952852154220,18.15533,938563,154,(-0.6, 0.2, 0.8)
637497952852154220,18.16624,938563,155,(-0.6, 0.2, 0.8)
637497952852154220,18.17771,938563,156,(-0.6, 0.2, 0.8)
637497952852154220,18.18869,938563,157,(-0.6, 0.2, 0.8)
637497952852154220,18.19958,938563,158,(-0.6, 0.2, 0.8)
637497952852154220,18.21078,938563,159,(-0.6, 0.2, 0.8)
637497952852154220,18.22227,938563,160,(-0.5, 0.0, 0.9)
637497952852154220,18.23338,938563,161,(-0.4, 0.1, 0.9)
637497952852154220,18.24403,938563,162,(-0.3, 0.0, 0.9)
637497952852154220,18.25535,938563,163,(-0.2, 0.0, 1.0)
637497952852154220,18.26633,938563,164,(-0.3, 0.0, 1.0)
637497952852154220,18.27731,938563,165,(-0.3, 0.0, 1.0)
637497952852154220,18.28874,938563,166,(-0.2, 0.0, 1.0)
637497952852154220,18.29976,938563,167,(-0.2, 0.0, 1.0)
637497952852154220,18.31073,938563,168,(-0.2, 0.0, 1.0)
637497952852154220,18.32203,938563,169,(-0.2, 0.0, 1.0)
637497952852154220,18.33314,938563,170,(-0.2, 0.0, 1.0)
637497952852154220,18.34426,938563,171,(-0.3, 0.0, 1.0)
637497952852154220,18.3556,938563,172,(-0.3, 0.0, 1.0)
637497952852154220,18.3666,938563,173,(-0.2, 0.0, 1.0)
637497952852154220,18.37746,938563,174,(-0.2, 0.0, 1.0)
637497952852154220,18.38846,938563,175,(-0.2, 0.0, 1.0)
637497952852154220,18.39952,938563,176,(-0.2, -0.1, 1.0)
637497952852154220,18.41092,938563,177,(-0.1, -0.1, 1.0)
637497952852154220,18.42204,938563,178,(-0.1, -0.1, 1.0)
637497952852154220,18.43316,938563,179,(-0.1, 0.0, 1.0)
637497952852154220,18.44408,938563,180,(0.0, 0.0, 1.0)
637497952852154220,18.45533,938563,181,(0.0, 0.1, 1.0)
637497952852154220,18.46648,938563,182,(0.0, -0.1, 1.0)
637497952852154220,18.4776,938563,183,(0.0, 0.1, 1.0)
637497952852154220,18.48883,938563,184,(0.0, 0.1, 1.0)
637497952852154220,18.50016,938563,185,(0.1, 0.4, 0.9)
637497952852154220,18.51072,938563,186,(0.0, 0.3, 1.0)
637497952852154220,18.52188,938563,187,(0.0, 0.3, 1.0)
637497952852154220,18.5331,938563,188,(0.0, 0.3, 1.0)
637497952852154220,18.54405,938563,189,(0.0, 0.3, 1.0)
637497952852154220,18.55526,938563,190,(0.0, 0.2, 1.0)
637497952852154220,18.56634,938563,191,(0.0, 0.3, 1.0)
637497952852154220,18.57775,938563,192,(0.0, 0.2, 1.0)
637497952852154220,18.58885,938563,193,(0.0, 0.2, 1.0)
637497952852154220,18.60037,938563,194,(0.0, 0.2, 1.0)
637497952852154220,18.61094,938563,195,(0.0, 0.2, 1.0)
637497952852154220,18.62212,938563,196,(0.0, 0.2, 1.0)
637497952852154220,18.63357,938563,197,(0.0, 0.2, 1.0)
637497952852154220,18.64429,938563,198,(0.0, 0.2, 1.0)
637497952852154220,18.65537,938563,199,(0.0, 0.2, 1.0)
637497952852154220,18.66651,938563,200,(0.0, 0.3, 1.0)
637497952852154220,18.67743,938563,201,(-0.7, 0.3, 0.7)
637497952852154220,18.83911,938563,202,(-0.9, 0.1, 0.4)
637497952852154220,18.85499,938563,203,(-0.9, 0.2, 0.3)
637497952852154220,18.86737,938563,204,(-0.5, 0.0, 0.8)
637497952852154220,18.87741,938563,205,(-0.9, 0.2, 0.4)
637497952852154220,18.88884,938563,206,(-0.6, 0.0, 0.8)
637497952852154220,18.8998,938563,207,(-0.7, 0.4, 0.6)
637497952852154220,18.91088,938563,208,(-0.8, 0.4, 0.5)
637497952852154220,18.92235,938563,209,(-0.7, 0.0, 0.7)
637497952852154220,18.93324,938563,210,(-0.7, 0.0, 0.7)
637497952852154220,18.94492,938563,211,(-0.7, 0.1, 0.7)
637497952852154220,18.95544,938563,212,(-0.7, 0.1, 0.7)
637497952852154220,18.96633,938563,213,(-0.7, 0.0, 0.7)
637497952852154220,18.9773,938563,214,(-0.7, 0.1, 0.7)
637497952852154220,18.98873,938563,215,(-0.7, 0.1, 0.7)
637497952852154220,19.00045,938563,216,(-0.6, 0.0, 0.8)
637497952852154220,19.01083,938563,217,(-0.6, 0.0, 0.8)
637497952852154220,19.02192,938563,218,(-0.6, 0.0, 0.8)
637497952852154220,19.03306,938563,219,(-0.6, 0.0, 0.8)
637497952852154220,19.04403,938563,220,(-0.6, 0.0, 0.8)
637497952852154220,19.05532,938563,221,(-0.6, 0.0, 0.8)
637497952852154220,19.06646,938563,222,(-0.6, 0.0, 0.8)
637497952852154220,19.07763,938563,223,(-0.7, 0.0, 0.7)
637497952852154220,19.0885,938563,224,(-0.7, 0.0, 0.7)
637497952852154220,19.09986,938563,225,(-0.6, 0.0, 0.8)
637497952852154220,19.1109,938563,226,(-0.7, 0.1, 0.8)
637497952852154220,19.1221,938563,227,(-0.7, 0.1, 0.7)
637497952852154220,19.13313,938563,228,(-0.7, 0.1, 0.7)
637497952852154220,19.1442,938563,229,(-0.7, 0.1, 0.7)
637497952852154220,19.15538,938563,230,(-0.7, 0.1, 0.7)
637497952852154220,19.16627,938563,231,(-0.7, 0.2, 0.7)
637497952852154220,19.17757,938563,232,(-0.6, 0.1, 0.8)
637497952852154220,19.18852,938563,233,(-0.6, 0.1, 0.8)
637497952852154220,19.19962,938563,234,(-0.6, 0.2, 0.8)
637497952852154220,19.2108,938563,235,(-0.6, 0.1, 0.8)
637497952852154220,19.22226,938563,236,(-0.5, 0.1, 0.8)
637497952852154220,19.23308,938563,237,(-0.5, 0.1, 0.9)
637497952852154220,19.2443,938563,238,(-0.5, 0.1, 0.8)
637497952852154220,19.25544,938563,239,(-0.5, 0.1, 0.8)
637497952852154220,19.2663,938563,240,(-0.5, 0.1, 0.8)
637497952852154220,19.27749,938563,241,(-0.5, 0.1, 0.8)
637497952852154220,19.28853,938563,242,(-0.5, 0.2, 0.8)
637497952852154220,19.29961,938563,243,(-0.5, 0.1, 0.9)
637497952852154220,19.31108,938563,244,(-0.4, 0.1, 0.9)
637497952852154220,19.32192,938563,245,(-0.3, 0.1, 0.9)
637497952852154220,19.33322,938563,246,(-0.3, 0.0, 1.0)
637497952852154220,19.34427,938563,247,(-0.2, 0.0, 1.0)
637497952852154220,19.35538,938563,248,(-0.1, 0.1, 1.0)
637497952852154220,19.36634,938563,249,(0.0, 0.0, 1.0)
637497952852154220,19.37749,938563,250,(0.1, 0.0, 1.0)
637497952852154220,19.3887,938563,251,(0.1, 0.0, 1.0)
637497952852154220,19.3996,938563,252,(0.2, 0.0, 1.0)
637497952852154220,19.41077,938563,253,(0.2, 0.0, 1.0)
637497952852154220,19.42232,938563,254,(0.2, 0.0, 1.0)
637497952852154220,19.43316,938563,255,(0.2, 0.0, 1.0)
637497952852154220,19.44411,938563,256,(0.1, 0.0, 1.0)
637497952852154220,19.45536,938563,257,(0.1, 0.0, 1.0)
637497952852154220,19.46658,938563,258,(0.1, 0.0, 1.0)
637497952852154220,19.47741,938563,259,(0.2, 0.0, 1.0)
637497952852154220,19.48876,938563,260,(0.1, 0.0, 1.0)
637497952852154220,19.49972,938563,261,(0.2, 0.0, 1.0)
637497952852154220,19.51091,938563,262,(0.2, 0.0, 1.0)
637497952852154220,19.52181,938563,263,(0.2, 0.0, 1.0)
637497952852154220,19.53311,938563,264,(0.2, 0.0, 1.0)
637497952852154220,19.54421,938563,265,(0.2, 0.0, 1.0)
637497952852154220,19.55551,938563,266,(0.2, 0.0, 1.0)
637497952852154220,19.56626,938563,267,(0.2, 0.0, 1.0)
637497952852154220,19.57756,938563,268,(0.2, 0.0, 1.0)
637497952852154220,19.58871,938563,269,(0.2, 0.0, 1.0)
637497952852154220,19.60023,938563,270,(0.1, 0.0, 1.0)
637497952852154220,19.6108,938563,271,(0.0, 0.1, 1.0)
637497952852154220,19.62232,938563,272,(0.0, 0.1, 1.0)
637497952852154220,19.63336,938563,273,(0.0, 0.1, 1.0)
637497952852154220,19.64439,938563,274,(0.0, 0.1, 1.0)
637497952852154220,19.65545,938563,275,(0.1, 0.1, 1.0)
637497952852154220,19.66618,938563,276,(0.1, 0.1, 1.0)
637497952852154220,19.67744,938563,277,(0.1, 0.1, 1.0)
637497952852154220,19.68881,938563,278,(0.1, 0.1, 1.0)
637497952852154220,19.69961,938563,279,(0.0, 0.1, 1.0)
637497952852154220,19.71085,938563,280,(0.0, 0.1, 1.0)
637497952852154220,19.72196,938563,281,(0.0, 0.1, 1.0)
637497952852154220,19.73339,938563,282,(0.0, 0.1, 1.0)
637497952852154220,19.74441,938563,283,(0.0, 0.1, 1.0)
637497952852154220,19.75532,938563,284,(0.0, 0.1, 1.0)
637497952852154220,19.76637,938563,285,(0.0, 0.1, 1.0)
637497952852154220,19.77791,938563,286,(-0.1, 0.1, 1.0)
637497952852154220,19.78856,938563,287,(-0.2, 0.2, 1.0)
637497952852154220,19.7997,938563,288,(-0.3, 0.2, 1.0)
637497952852154220,19.81084,938563,289,(-0.4, 0.2, 0.9)
637497952852154220,19.82193,938563,290,(-0.5, 0.3, 0.8)
637497952852154220,19.8335,938563,291,(-0.5, 0.2, 0.8)
637497952852154220,19.84441,938563,292,(-0.7, 0.1, 0.7)
637497952852154220,19.85608,938563,293,(-0.7, 0.1, 0.7)
637497952852154220,19.86706,938563,294,(-0.8, 0.2, 0.6)
637497952852154220,19.87739,938563,295,(-0.7, 0.1, 0.7)
637497952852154220,19.88873,938563,296,(-0.7, 0.1, 0.7)
637497952852154220,19.89974,938563,297,(-0.7, 0.1, 0.7)
637497952852154220,19.91076,938563,298,(-0.8, 0.1, 0.6)
637497952852154220,19.9218,938563,299,(-0.8, 0.1, 0.6)
637497952852154220,19.93332,938563,300,(-0.8, 0.1, 0.6)
637497952852154220,19.94414,938563,301,(-0.8, 0.1, 0.6)
637497952852154220,19.95537,938563,302,(-0.8, 0.1, 0.6)
637497952852154220,19.96683,938563,303,(-0.8, 0.1, 0.6)
637497952852154220,19.97779,938563,304,(-0.8, 0.1, 0.6)
637497952852154220,19.98885,938563,305,(-0.8, 0.1, 0.6)
637497952852154220,19.99972,938563,306,(-0.8, 0.1, 0.6)
637497952852154220,20.01104,938563,307,(-0.8, 0.1, 0.6)
637497952852154220,20.02252,938563,308,(-0.8, 0.1, 0.6)
637497952852154220,20.03355,938563,309,(-0.8, 0.1, 0.6)
637497952852154220,20.04431,938563,310,(-0.8, 0.1, 0.6)
637497952852154220,20.05521,938563,311,(-0.8, 0.1, 0.6)
637497952852154220,20.06631,938563,312,(-0.8, 0.1, 0.6)
637497952852154220,20.07735,938563,313,(-0.8, 0.1, 0.6)
637497952852154220,20.08876,938563,314,(-0.8, 0.1, 0.6)
637497952852154220,20.10036,938563,315,(-0.8, 0.1, 0.6)
637497952852154220,20.11083,938563,316,(-0.8, 0.1, 0.6)
637497952852154220,20.13335,938563,317,(-0.9, 0.2, 0.5)
637497952852154220,20.14455,938563,318,(-0.8, 0.2, 0.5)
637497952852154220,20.15541,938563,319,(-0.8, 0.2, 0.6)
637497952852154220,20.16633,938563,320,(-0.8, 0.2, 0.6)
637497952852154220,20.17728,938563,321,(-0.8, 0.2, 0.6)
637497952852154220,20.18863,938563,322,(-0.8, 0.2, 0.6)
637497952852154220,20.19969,938563,323,(-0.8, 0.2, 0.6)
637497952852154220,20.21082,938563,324,(-0.8, 0.2, 0.6)
637497952852154220,20.22221,938563,325,(-0.8, 0.2, 0.6)
637497952852154220,20.23326,938563,326,(-0.8, 0.2, 0.6)
637497952852154220,20.24435,938563,327,(-0.8, 0.2, 0.6)
637497952852154220,20.25532,938563,328,(-0.8, 0.2, 0.6)
637497952852154220,20.26624,938563,329,(-0.8, 0.2, 0.6)
637497952852154220,20.27777,938563,330,(-0.8, 0.2, 0.6)
637497952852154220,20.28897,938563,331,(-0.8, 0.2, 0.6)
637497952852154220,20.29974,938563,332,(-0.8, 0.2, 0.6)
637497952852154220,20.31079,938563,333,(-0.8, 0.2, 0.6)
637497952852154220,20.32223,938563,334,(-0.8, 0.2, 0.6)
637497952852154220,20.33314,938563,335,(-0.8, 0.2, 0.6)
637497952852154220,20.34435,938563,336,(-0.8, 0.2, 0.6)
637497952852154220,20.35564,938563,337,(-0.8, 0.2, 0.6)
637497952852154220,20.36619,938563,338,(-0.8, 0.2, 0.6)
637497952852154220,20.37763,938563,339,(-0.8, 0.2, 0.6)
637497952852154220,20.38875,938563,340,(-0.8, 0.2, 0.6)
637497952852154220,20.39984,938563,341,(-0.8, 0.2, 0.6)
637497952852154220,20.41088,938563,342,(-0.8, 0.2, 0.6)
637497952852154220,20.42204,938563,343,(-0.8, 0.2, 0.6)
637497952852154220,20.43335,938563,344,(-0.8, 0.2, 0.6)
637497952852154220,20.44406,938563,345,(-0.8, 0.2, 0.6)
637497952852154220,20.45518,938563,346,(-0.8, 0.2, 0.6)
637497952852154220,20.46641,938563,347,(-0.9, 0.2, 0.5)
637497952852154220,20.4777,938563,348,(-0.8, 0.2, 0.5)
637497952852154220,20.4887,938563,349,(-0.8, 0.1, 0.6)
637497952852154220,20.51098,938563,350,(-0.8, 0.0, 0.7)
637497952852154220,20.52193,938563,351,(-0.8, 0.0, 0.7)
637497952852154220,20.53337,938563,352,(-0.8, 0.0, 0.6)
637497952852154220,20.54427,938563,353,(-0.7, 0.1, 0.7)
637497952852154220,20.55563,938563,354,(-0.8, 0.1, 0.6)
637497952852154220,20.56638,938563,355,(-0.8, 0.1, 0.6)
637497952852154220,20.57739,938563,356,(-0.8, 0.2, 0.6)
637497952852154220,20.58888,938563,357,(-0.8, 0.2, 0.6)
637497952852154220,20.59965,938563,358,(-0.8, 0.2, 0.6)
637497952852154220,20.61102,938563,359,(-0.8, 0.2, 0.6)
637497952852154220,20.62209,938563,360,(-0.8, 0.2, 0.6)
637497952852154220,20.63331,938563,361,(-0.8, 0.2, 0.6)
637497952852154220,20.6445,938563,362,(-0.8, 0.2, 0.6)
637497952852154220,20.65548,938563,363,(-0.8, 0.2, 0.6)
637497952852154220,20.66656,938563,364,(-0.8, 0.2, 0.6)
637497952852154220,20.6776,938563,365,(-0.8, 0.2, 0.6)
637497952852154220,20.68867,938563,366,(-0.8, 0.2, 0.6)
637497952852154220,20.6999,938563,367,(-0.8, 0.1, 0.6)
637497952852154220,20.71155,938563,368,(-0.8, 0.1, 0.6)
637497952852154220,20.72233,938563,369,(-0.8, 0.2, 0.6)
637497952852154220,20.7335,938563,370,(-0.9, 0.2, 0.5)
637497952852154220,20.74424,938563,371,(-0.8, 0.2, 0.6)
637497952852154220,20.7556,938563,372,(-0.8, 0.2, 0.6)
637497952852154220,20.76631,938563,373,(-0.8, 0.2, 0.6)
637497952852154220,20.77751,938563,374,(-0.8, 0.2, 0.6)
637497952852154220,20.78908,938563,375,(-0.8, 0.2, 0.6)
637497952852154220,20.79984,938563,376,(-0.8, 0.2, 0.6)
637497952852154220,20.81094,938563,377,(-0.8, 0.2, 0.6)
637497952852154220,20.8223,938563,378,(-0.8, 0.2, 0.6)
637497952852154220,20.8335,938563,379,(-0.8, 0.2, 0.6)
637497952852154220,20.84442,938563,380,(-0.8, 0.2, 0.6)
637497952852154220,20.85612,938563,381,(-0.8, 0.2, 0.6)
637497952852154220,20.86702,938563,382,(-0.8, 0.2, 0.6)
637497952852154220,20.87755,938563,383,(-0.8, 0.2, 0.6)
637497952852154220,20.8887,938563,384,(-0.8, 0.2, 0.6)
637497952852154220,20.89968,938563,385,(-0.8, 0.2, 0.6)
637497952852154220,20.91082,938563,386,(-0.8, 0.2, 0.6)
637497952852154220,20.92209,938563,387,(-0.8, 0.2, 0.6)
637497952852154220,20.93353,938563,388,(-0.8, 0.2, 0.6)
637497952852154220,20.9443,938563,389,(-0.9, 0.2, 0.5)
637497952852154220,20.95531,938563,390,(-0.9, 0.2, 0.5)
637497952852154220,20.96628,938563,391,(-0.9, 0.2, 0.5)
637497952852154220,20.9777,938563,392,(-0.8, -0.1, 0.6)
637497952852154220,20.98873,938563,393,(-0.8, 0.2, 0.6)
637497952852154220,20.99974,938563,394,(-0.8, 0.2, 0.6)
637497952852154220,21.01082,938563,395,(-0.8, 0.2, 0.6)
637497952852154220,21.02219,938563,396,(-0.8, 0.2, 0.6)
637497952852154220,21.03313,938563,397,(-0.8, 0.2, 0.6)
637497952852154220,21.04445,938563,398,(-0.8, 0.2, 0.5)
637497952852154220,21.05538,938563,399,(-0.8, 0.2, 0.5)
637497952852154220,21.06649,938563,400,(-0.8, 0.2, 0.5)
637497952852154220,21.07755,938563,401,(-0.7, 0.2, 0.7)
637497952852154220,21.27893,938563,402,(-0.7, 0.2, 0.6)
637497952852154220,21.29131,938563,403,(-0.7, 0.2, 0.7)
637497952852154220,21.29993,938563,404,(-0.7, 0.2, 0.7)
637497952852154220,21.31141,938563,405,(-0.7, 0.3, 0.7)
637497952852154220,21.3229,938563,406,(-0.7, 0.2, 0.7)
637497952852154220,21.33344,938563,407,(-0.7, 0.2, 0.7)
637497952852154220,21.34452,938563,408,(-0.8, 0.2, 0.6)
637497952852154220,21.35634,938563,409,(-0.8, 0.3, 0.5)
637497952852154220,21.36696,938563,410,(-0.8, 0.2, 0.6)
637497952852154220,21.37784,938563,411,(-0.8, 0.2, 0.6)
637497952852154220,21.38894,938563,412,(-0.8, 0.2, 0.6)
637497952852154220,21.39979,938563,413,(-0.8, 0.2, 0.6)
637497952852154220,21.41124,938563,414,(-0.8, 0.2, 0.6)
637497952852154220,21.42221,938563,415,(-0.8, 0.2, 0.6)
637497952852154220,21.43394,938563,416,(-0.8, 0.2, 0.6)
637497952852154220,21.44426,938563,417,(-0.8, 0.4, 0.6)
637497952852154220,21.45562,938563,418,(-0.8, 0.4, 0.5)
637497952852154220,21.46688,938563,419,(-0.8, 0.4, 0.5)
637497952852154220,21.4777,938563,420,(-0.8, 0.3, 0.6)
637497952852154220,21.48872,938563,421,(-0.8, 0.3, 0.6)
637497952852154220,21.50002,938563,422,(-0.7, 0.3, 0.6)
637497952852154220,21.51099,938563,423,(-0.7, 0.1, 0.7)
637497952852154220,21.52203,938563,424,(-0.7, 0.1, 0.7)
637497952852154220,21.53355,938563,425,(-0.7, 0.1, 0.6)
637497952852154220,21.54453,938563,426,(-0.8, 0.2, 0.6)
637497952852154220,21.55573,938563,427,(-0.7, 0.2, 0.6)
637497952852154220,21.56675,938563,428,(-0.8, 0.2, 0.6)
637497952852154220,21.57796,938563,429,(-0.8, 0.2, 0.6)
637497952852154220,21.58918,938563,430,(-0.8, 0.2, 0.6)
637497952852154220,21.59999,938563,431,(-0.7, 0.2, 0.6)
637497952852154220,21.61137,938563,432,(-0.8, 0.2, 0.6)
637497952852154220,21.62212,938563,433,(-0.7, 0.2, 0.6)
637497952852154220,21.63356,938563,434,(-0.7, 0.2, 0.6)
637497952852154220,21.64443,938563,435,(-0.7, 0.2, 0.7)
637497952852154220,21.65553,938563,436,(-0.7, 0.2, 0.7)
637497952852154220,21.66741,938563,437,(-0.7, 0.2, 0.7)
637497952852154220,21.67773,938563,438,(-0.7, 0.1, 0.7)
637497952852154220,21.68868,938563,439,(-0.7, 0.2, 0.7)
637497952852154220,21.70018,938563,440,(-0.7, 0.1, 0.7)
637497952852154220,21.71135,938563,441,(-0.7, 0.1, 0.7)
637497952852154220,21.72215,938563,442,(-0.7, 0.1, 0.7)
637497952852154220,21.73301,938563,443,(-0.7, 0.1, 0.7)
637497952852154220,21.74454,938563,444,(-0.7, 0.1, 0.7)
637497952852154220,21.7557,938563,445,(-0.7, 0.1, 0.7)
637497952852154220,21.76654,938563,446,(-0.7, 0.1, 0.7)
637497952852154220,21.77816,938563,447,(-0.7, 0.1, 0.7)
637497952852154220,21.78899,938563,448,(-0.7, 0.1, 0.7)
637497952852154220,21.7997,938563,449,(-0.7, 0.1, 0.7)
637497952852154220,21.81117,938563,450,(-0.7, 0.1, 0.7)
637497952852154220,21.82226,938563,451,(-0.7, 0.1, 0.7)
637497952852154220,21.83331,938563,452,(-0.7, 0.1, 0.7)
637497952852154220,21.84444,938563,453,(-0.7, 0.1, 0.7)
637497952852154220,21.85635,938563,454,(-0.7, 0.1, 0.7)
637497952852154220,21.86838,938563,455,(-0.8, 0.3, 0.6)
637497952852154220,21.87742,938563,456,(-0.8, 0.1, 0.6)
637497952852154220,21.88862,938563,457,(-0.8, 0.1, 0.7)
637497952852154220,21.89985,938563,458,(-0.7, 0.0, 0.7)
637497952852154220,21.91079,938563,459,(-0.7, 0.0, 0.7)
637497952852154220,21.9226,938563,460,(-0.7, 0.0, 0.7)
637497952852154220,21.93346,938563,461,(-0.7, 0.0, 0.7)
637497952852154220,21.9446,938563,462,(-0.7, 0.0, 0.7)
637497952852154220,21.95557,938563,463,(-0.7, 0.0, 0.7)
637497952852154220,21.96679,938563,464,(-0.7, 0.0, 0.7)
637497952852154220,21.97779,938563,465,(-0.7, 0.0, 0.7)
637497952852154220,21.98898,938563,466,(-0.7, 0.0, 0.7)
637497952852154220,22.00048,938563,467,(-0.7, 0.0, 0.7)
637497952852154220,22.01115,938563,468,(-0.7, 0.0, 0.7)
637497952852154220,22.02195,938563,469,(-0.7, 0.0, 0.7)
637497952852154220,22.03329,938563,470,(-0.7, 0.0, 0.7)
637497952852154220,22.04434,938563,471,(-0.7, 0.0, 0.7)
637497952852154220,22.05597,938563,472,(-0.7, 0.0, 0.7)
637497952852154220,22.0667,938563,473,(-0.7, 0.0, 0.7)
637497952852154220,22.07795,938563,474,(-0.7, 0.0, 0.7)
637497952852154220,22.08891,938563,475,(-0.7, 0.0, 0.7)
637497952852154220,22.10006,938563,476,(-0.7, 0.0, 0.7)
637497952852154220,22.11198,938563,477,(-0.7, 0.0, 0.7)
637497952852154220,22.12266,938563,478,(-0.8, 0.0, 0.6)
637497952852154220,22.13379,938563,479,(-0.8, 0.0, 0.7)
637497952852154220,22.14424,938563,480,(-0.8, -0.1, 0.6)
637497952852154220,22.15575,938563,481,(-0.8, -0.1, 0.6)
637497952852154220,22.16752,938563,482,(-0.8, -0.1, 0.6)
637497952852154220,22.17774,938563,483,(-0.7, -0.1, 0.7)
637497952852154220,22.18869,938563,484,(-0.7, -0.1, 0.7)
637497952852154220,22.2,938563,485,(-0.7, -0.1, 0.7)
637497952852154220,22.21155,938563,486,(-0.7, -0.1, 0.7)
637497952852154220,22.22206,938563,487,(-0.7, -0.1, 0.7)
637497952852154220,22.23301,938563,488,(-0.7, -0.1, 0.7)
637497952852154220,22.2443,938563,489,(-0.7, -0.1, 0.7)
637497952852154220,22.25557,938563,490,(-0.7, -0.1, 0.7)
637497952852154220,22.26671,938563,491,(-0.7, -0.1, 0.7)
637497952852154220,22.27779,938563,492,(-0.7, -0.1, 0.7)
637497952852154220,22.28888,938563,493,(-0.7, -0.1, 0.7)
637497952852154220,22.30015,938563,494,(-0.7, -0.1, 0.7)
637497952852154220,22.31112,938563,495,(-0.7, -0.1, 0.7)
637497952852154220,22.32249,938563,496,(-0.7, -0.1, 0.7)
637497952852154220,22.33332,938563,497,(-0.7, -0.1, 0.7)
637497952852154220,22.34425,938563,498,(-0.7, -0.1, 0.7)
637497952852154220,22.35539,938563,499,(-0.7, -0.1, 0.7)
637497952852154220,22.36729,938563,500,(-0.7, -0.1, 0.7)
637497952852154220,22.37772,938563,501,(-0.7, -0.1, 0.7)
637497952852154220,22.38884,938563,502,(-0.7, -0.1, 0.7)
637497952852154220,22.40003,938563,503,(-0.7, -0.1, 0.7)
637497952852154220,22.41125,938563,504,(-0.7, -0.1, 0.7)
637497952852154220,22.42206,938563,505,(-0.7, -0.1, 0.7)
637497952852154220,22.43356,938563,506,(-0.7, -0.1, 0.7)
637497952852154220,22.44463,938563,507,(-0.7, -0.1, 0.7)
637497952852154220,22.45604,938563,508,(-0.7, -0.1, 0.7)
637497952852154220,22.4667,938563,509,(-0.7, -0.1, 0.7)
637497952852154220,22.47798,938563,510,(-0.7, -0.1, 0.7)
637497952852154220,22.48879,938563,511,(-0.7, -0.1, 0.7)
637497952852154220,22.50004,938563,512,(-0.7, -0.1, 0.7)
637497952852154220,22.51083,938563,513,(-0.7, -0.1, 0.7)
637497952852154220,22.52261,938563,514,(-0.7, -0.1, 0.7)
637497952852154220,22.53346,938563,515,(-0.7, -0.1, 0.7)
637497952852154220,22.54439,938563,516,(-0.7, -0.1, 0.7)
637497952852154220,22.55564,938563,517,(-0.7, -0.1, 0.7)
637497952852154220,22.56659,938563,518,(-0.7, -0.1, 0.7)
637497952852154220,22.5781,938563,519,(-0.7, -0.1, 0.7)
637497952852154220,22.58913,938563,520,(-0.7, -0.1, 0.7)
637497952852154220,22.59976,938563,521,(-0.7, -0.1, 0.7)
637497952852154220,22.61153,938563,522,(-0.7, -0.2, 0.7)
637497952852154220,22.62233,938563,523,(-0.7, -0.2, 0.7)
637497952852154220,22.6334,938563,524,(-0.7, -0.3, 0.6)
637497952852154220,22.64477,938563,525,(-0.7, -0.3, 0.7)
637497952852154220,22.65549,938563,526,(-0.7, -0.3, 0.7)
637497952852154220,22.66687,938563,527,(-0.7, -0.3, 0.7)
637497952852154220,22.67862,938563,528,(-0.7, -0.2, 0.7)
637497952852154220,22.68914,938563,529,(-0.7, -0.2, 0.7)
637497952852154220,22.69979,938563,530,(-0.7, -0.3, 0.7)
637497952852154220,22.71143,938563,531,(-0.7, -0.2, 0.7)
637497952852154220,22.72239,938563,532,(-0.7, -0.2, 0.7)
637497952852154220,22.73345,938563,533,(-0.7, -0.2, 0.7)
637497952852154220,22.74446,938563,534,(-0.7, -0.1, 0.7)
637497952852154220,22.75572,938563,535,(-0.7, -0.1, 0.7)
637497952852154220,22.76654,938563,536,(-0.7, -0.1, 0.7)
637497952852154220,22.77768,938563,537,(-0.7, -0.1, 0.7)
637497952852154220,22.78923,938563,538,(-0.7, -0.1, 0.7)
637497952852154220,22.7999,938563,539,(-0.7, -0.1, 0.7)
637497952852154220,22.81104,938563,540,(-0.7, -0.1, 0.7)
637497952852154220,22.82226,938563,541,(-0.7, -0.1, 0.7)
637497952852154220,22.83366,938563,542,(-0.7, -0.1, 0.7)
637497952852154220,22.84441,938563,543,(-0.7, -0.1, 0.7)
637497952852154220,22.8562,938563,544,(-0.7, -0.1, 0.7)
637497952852154220,22.86696,938563,545,(-0.7, -0.1, 0.7)
637497952852154220,22.87774,938563,546,(-0.7, -0.1, 0.7)
637497952852154220,22.88922,938563,547,(-0.7, -0.1, 0.7)
637497952852154220,22.90033,938563,548,(-0.7, -0.1, 0.7)
637497952852154220,22.91081,938563,549,(-0.7, -0.1, 0.7)
637497952852154220,22.92194,938563,550,(-0.7, -0.1, 0.7)
637497952852154220,22.93353,938563,551,(-0.7, -0.1, 0.7)
637497952852154220,22.94452,938563,552,(-0.7, -0.1, 0.7)
637497952852154220,22.95546,938563,553,(-0.7, -0.1, 0.7)
637497952852154220,22.9668,938563,554,(-0.7, -0.1, 0.7)
637497952852154220,22.97775,938563,555,(-0.7, -0.1, 0.7)
637497952852154220,22.98936,938563,556,(-0.6, -0.1, 0.8)
637497952852154220,22.99974,938563,557,(-0.6, -0.1, 0.8)
637497952852154220,23.012,938563,558,(-0.6, -0.1, 0.8)
637497952852154220,23.02219,938563,559,(-0.6, -0.1, 0.8)
637497952852154220,23.03329,938563,560,(-0.6, -0.1, 0.8)
637497952852154220,23.04453,938563,561,(-0.6, -0.1, 0.8)
637497952852154220,23.05577,938563,562,(-0.6, -0.1, 0.8)
637497952852154220,23.06721,938563,563,(-0.6, -0.1, 0.8)
637497952852154220,23.07823,938563,564,(-0.6, -0.1, 0.8)
637497952852154220,23.08915,938563,565,(-0.6, -0.1, 0.8)
637497952852154220,23.09993,938563,566,(-0.6, -0.1, 0.8)
637497952852154220,23.11095,938563,567,(-0.6, -0.1, 0.8)
637497952852154220,23.12265,938563,568,(-0.6, -0.1, 0.8)
637497952852154220,23.13308,938563,569,(-0.6, -0.1, 0.8)
637497952852154220,23.14497,938563,570,(-0.6, -0.1, 0.8)
637497952852154220,23.15549,938563,571,(-0.6, -0.1, 0.8)
637497952852154220,23.1665,938563,572,(-0.6, -0.2, 0.8)
637497952852154220,23.17833,938563,573,(-0.6, -0.2, 0.8)
637497952852154220,23.18929,938563,574,(-0.6, -0.1, 0.8)
637497952852154220,23.20033,938563,575,(-0.6, -0.1, 0.8)
637497952852154220,23.21177,938563,576,(-0.5, -0.1, 0.9)
637497952852154220,23.22301,938563,577,(-0.4, -0.1, 0.9)
637497952852154220,23.23356,938563,578,(-0.3, -0.1, 0.9)
637497952852154220,23.24441,938563,579,(-0.2, -0.1, 1.0)
637497952852154220,23.25585,938563,580,(-0.2, -0.1, 1.0)
637497952852154220,23.26654,938563,581,(-0.1, -0.1, 1.0)
637497952852154220,23.2778,938563,582,(0.0, -0.1, 1.0)
637497952852154220,23.28882,938563,583,(0.1, -0.1, 1.0)
637497952852154220,23.30012,938563,584,(0.1, -0.1, 1.0)
637497952852154220,23.31137,938563,585,(0.2, -0.1, 1.0)
637497952852154220,23.32273,938563,586,(0.3, -0.1, 1.0)
637497952852154220,23.33396,938563,587,(0.3, -0.1, 1.0)
637497952852154220,23.3445,938563,588,(0.3, 0.0, 1.0)
637497952852154220,23.35577,938563,589,(0.2, 0.0, 1.0)
637497952852154220,23.36712,938563,590,(0.3, -0.1, 1.0)
637497952852154220,23.37782,938563,591,(0.3, -0.1, 1.0)
637497952852154220,23.38929,938563,592,(0.3, -0.1, 1.0)
637497952852154220,23.39992,938563,593,(0.3, 0.0, 1.0)
637497952852154220,23.411,938563,594,(0.2, -0.1, 1.0)
637497952852154220,23.42257,938563,595,(0.2, -0.1, 1.0)
637497952852154220,23.43304,938563,596,(0.3, -0.1, 1.0)
637497952852154220,23.44449,938563,597,(0.2, -0.1, 1.0)