637497952852154220,23.81112,938563,1,(0.0, 0.1, 1.0)
637497952852154220,27.83333,938563,2,(-0.4, 0.2, 0.9)
637497952852154220,27.84451,938563,3,(-0.5, 0.2, 0.9)
637497952852154220,27.85599,938563,4,(-0.6, 0.2, 0.8)
637497952852154220,27.86783,938563,5,(-0.6, 0.2, 0.8)
637497952852154220,27.87768,938563,6,(-0.6, 0.2, 0.7)
637497952852154220,27.8891,938563,7,(-0.6, 0.2, 0.8)
637497952852154220,27.9,938563,8,(-0.6, 0.2, 0.7)
637497952852154220,27.91106,938563,9,(-0.6, 0.2, 0.8)
637497952852154220,27.92208,938563,10,(-0.7, 0.2, 0.7)
637497952852154220,27.93318,938563,11,(-0.6, 0.2, 0.7)
637497952852154220,27.94481,938563,12,(-0.7, 0.3, 0.7)
637497952852154220,27.95582,938563,13,(-0.7, 0.2, 0.7)
637497952852154220,27.96721,938563,14,(-0.6, 0.3, 0.7)
637497952852154220,27.97826,938563,15,(-0.6, 0.3, 0.7)
637497952852154220,27.98882,938563,16,(-0.6, 0.3, 0.7)
637497952852154220,28.00035,938563,17,(-0.6, 0.3, 0.7)
637497952852154220,28.01118,938563,18,(-0.6, 0.2, 0.8)
637497952852154220,28.02275,938563,19,(-0.6, 0.2, 0.8)
637497952852154220,28.03366,938563,20,(-0.6, 0.2, 0.8)
637497952852154220,28.04494,938563,21,(-0.6, 0.2, 0.8)
637497952852154220,28.05624,938563,22,(-0.6, 0.2, 0.8)
637497952852154220,28.06671,938563,23,(-0.6, 0.2, 0.8)
637497952852154220,28.07843,938563,24,(-0.6, 0.2, 0.8)
637497952852154220,28.08885,938563,25,(-0.7, 0.2, 0.7)
637497952852154220,28.10003,938563,26,(-0.7, 0.5, 0.5)
637497952852154220,28.11108,938563,27,(-0.7, 0.5, 0.4)
637497952852154220,28.1221,938563,28,(-0.7, 0.5, 0.4)
637497952852154220,28.13347,938563,29,(-0.8, 0.3, 0.6)
637497952852154220,28.14443,938563,30,(-0.7, 0.3, 0.6)
637497952852154220,28.15574,938563,31,(-0.7, 0.2, 0.6)
637497952852154220,28.16669,938563,32,(-0.7, 0.2, 0.6)
637497952852154220,28.17772,938563,33,(-0.8, 0.3, 0.5)
637497952852154220,28.18873,938563,34,(-0.8, 0.3, 0.5)
637497952852154220,28.20005,938563,35,(-0.8, 0.3, 0.5)
637497952852154220,28.21104,938563,36,(-0.8, 0.3, 0.5)
637497952852154220,28.22233,938563,37,(-0.8, 0.3, 0.6)
637497952852154220,28.23337,938563,38,(-0.8, 0.3, 0.6)
637497952852154220,28.24449,938563,39,(-0.8, 0.3, 0.6)
637497952852154220,28.25549,938563,40,(-0.8, 0.3, 0.6)
637497952852154220,28.2665,938563,41,(-0.8, 0.3, 0.6)
637497952852154220,28.2778,938563,42,(-0.8, 0.3, 0.6)
637497952852154220,28.28909,938563,43,(-0.8, 0.3, 0.6)
637497952852154220,28.30003,938563,44,(-0.8, 0.3, 0.6)
637497952852154220,28.31127,938563,45,(-0.7, 0.4, 0.6)
637497952852154220,28.32214,938563,46,(-0.7, 0.4, 0.6)
637497952852154220,28.33353,938563,47,(-0.7, 0.4, 0.5)
637497952852154220,28.34455,938563,48,(-0.7, 0.4, 0.6)
637497952852154220,28.35555,938563,49,(-0.7, 0.4, 0.6)
637497952852154220,28.3667,938563,50,(-0.7, 0.3, 0.6)
637497952852154220,28.37767,938563,51,(-0.7, 0.3, 0.6)
637497952852154220,28.38899,938563,52,(-0.7, 0.3, 0.6)
637497952852154220,28.40004,938563,53,(-0.7, 0.3, 0.7)
637497952852154220,28.41122,938563,54,(-0.7, 0.3, 0.6)
637497952852154220,28.42227,938563,55,(-0.6, 0.3, 0.7)
637497952852154220,28.43336,938563,56,(-0.5, 0.2, 0.8)
637497952852154220,28.44461,938563,57,(-0.5, 0.1, 0.9)
637497952852154220,28.45556,938563,58,(-0.5, 0.2, 0.9)
637497952852154220,28.46676,938563,59,(-0.4, 0.2, 0.9)
637497952852154220,28.47775,938563,60,(-0.5, 0.2, 0.9)
637497952852154220,28.48898,938563,61,(-0.4, 0.1, 0.9)
637497952852154220,28.49996,938563,62,(-0.4, 0.1, 0.9)
637497952852154220,28.5113,938563,63,(-0.4, 0.2, 0.9)
637497952852154220,28.52237,938563,64,(-0.5, 0.2, 0.9)
637497952852154220,28.53404,938563,65,(-0.5, 0.2, 0.9)
637497952852154220,28.54451,938563,66,(-0.5, 0.2, 0.9)
637497952852154220,28.55562,938563,67,(-0.5, 0.2, 0.9)
637497952852154220,28.56667,938563,68,(-0.5, 0.2, 0.9)
637497952852154220,28.5778,938563,69,(-0.5, 0.1, 0.9)
637497952852154220,28.58923,938563,70,(-0.5, 0.1, 0.9)
637497952852154220,28.60016,938563,71,(-0.5, 0.1, 0.9)
637497952852154220,28.61166,938563,72,(-0.5, 0.1, 0.9)
637497952852154220,28.62273,938563,73,(-0.5, 0.1, 0.9)
637497952852154220,28.63372,938563,74,(-0.5, 0.1, 0.9)
637497952852154220,28.64476,938563,75,(-0.5, 0.1, 0.9)
637497952852154220,28.65555,938563,76,(-0.5, 0.1, 0.9)
637497952852154220,28.66683,938563,77,(-0.5, 0.1, 0.9)
637497952852154220,28.67795,938563,78,(-0.5, 0.1, 0.9)
637497952852154220,28.68914,938563,79,(-0.5, 0.2, 0.9)
637497952852154220,28.70035,938563,80,(-0.5, 0.2, 0.8)
637497952852154220,28.71138,938563,81,(-0.5, 0.1, 0.9)
637497952852154220,28.7228,938563,82,(-0.5, 0.1, 0.9)
637497952852154220,28.73368,938563,83,(-0.5, 0.1, 0.9)
637497952852154220,28.7446,938563,84,(-0.5, 0.1, 0.9)
637497952852154220,28.75606,938563,85,(-0.5, 0.1, 0.9)
637497952852154220,28.76676,938563,86,(-0.5, 0.1, 0.9)
637497952852154220,28.77847,938563,87,(-0.5, 0.1, 0.9)
637497952852154220,28.78928,938563,88,(-0.5, 0.1, 0.9)
637497952852154220,28.80019,938563,89,(-0.5, 0.1, 0.9)
637497952852154220,28.81129,938563,90,(-0.5, 0.1, 0.9)
637497952852154220,28.8228,938563,91,(-0.5, 0.1, 0.9)
637497952852154220,28.83385,938563,92,(-0.5, 0.1, 0.9)
637497952852154220,28.84453,938563,93,(-0.5, 0.1, 0.9)
637497952852154220,28.85628,938563,94,(-0.5, 0.1, 0.9)
637497952852154220,28.86721,938563,95,(-0.5, 0.1, 0.9)
637497952852154220,28.87783,938563,96,(-0.5, 0.1, 0.9)
637497952852154220,28.88986,938563,97,(-0.4, 0.1, 0.9)
637497952852154220,28.90063,938563,98,(-0.4, 0.1, 0.9)
637497952852154220,28.91129,938563,99,(-0.4, 0.1, 0.9)
637497952852154220,28.92242,938563,100,(-0.4, 0.1, 0.9)
637497952852154220,28.93391,938563,101,(-0.5, 0.1, 0.9)
637497952852154220,28.94481,938563,102,(-0.5, 0.1, 0.9)
637497952852154220,28.95575,938563,103,(-0.5, 0.2, 0.9)
637497952852154220,28.96683,938563,104,(-0.5, 0.1, 0.9)
637497952852154220,28.97811,938563,105,(-0.4, 0.1, 0.9)
637497952852154220,28.98899,938563,106,(-0.4, 0.1, 0.9)
637497952852154220,29.00013,938563,107,(-0.4, 0.1, 0.9)
637497952852154220,29.01103,938563,108,(-0.5, 0.1, 0.9)
637497952852154220,29.02257,938563,109,(-0.5, 0.1, 0.9)
637497952852154220,29.03373,938563,110,(-0.5, 0.1, 0.9)
637497952852154220,29.04464,938563,111,(-0.5, 0.2, 0.9)
637497952852154220,29.05564,938563,112,(-0.5, 0.2, 0.9)
637497952852154220,29.06684,938563,113,(-0.4, 0.1, 0.9)
637497952852154220,29.07798,938563,114,(-0.4, 0.1, 0.9)
637497952852154220,29.09001,938563,115,(-0.4, 0.1, 0.9)
637497952852154220,29.09998,938563,116,(-0.4, 0.1, 0.9)
637497952852154220,29.11143,938563,117,(-0.4, 0.2, 0.9)
637497952852154220,29.12285,938563,118,(-0.3, 0.1, 0.9)
637497952852154220,29.13349,938563,119,(-0.2, 0.1, 1.0)
637497952852154220,29.14539,938563,120,(-0.2, 0.0, 1.0)
637497952852154220,29.15606,938563,121,(-0.1, -0.4, 0.9)
637497952852154220,29.1665,938563,122,(-0.1, -0.3, 0.9)
637497952852154220,29.17821,938563,123,(0.0, -0.4, 0.9)
637497952852154220,29.18924,938563,124,(-0.1, -0.1, 1.0)
637497952852154220,29.2004,938563,125,(0.2, 0.2, 1.0)
637497952852154220,29.21124,938563,126,(0.2, 0.2, 1.0)
637497952852154220,29.22296,938563,127,(0.3, 0.2, 0.9)
637497952852154220,29.23347,938563,128,(0.3, 0.2, 0.9)
637497952852154220,29.24479,938563,129,(0.3, 0.2, 0.9)
637497952852154220,29.25587,938563,130,(0.4, 0.3, 0.9)
637497952852154220,29.26685,938563,131,(0.5, 0.2, 0.9)
637497952852154220,29.27836,938563,132,(0.5, 0.1, 0.9)
637497952852154220,29.28953,938563,133,(0.5, 0.2, 0.9)
637497952852154220,29.2998,938563,134,(0.5, 0.2, 0.9)
637497952852154220,29.3114,938563,135,(0.5, 0.2, 0.9)
637497952852154220,29.32262,938563,136,(0.5, 0.2, 0.9)
637497952852154220,29.33335,938563,137,(0.5, 0.2, 0.9)
637497952852154220,29.34478,938563,138,(0.5, 0.2, 0.9)
637497952852154220,29.35586,938563,139,(0.5, 0.2, 0.9)
637497952852154220,29.36672,938563,140,(0.5, 0.2, 0.9)
637497952852154220,29.37812,938563,141,(0.5, 0.2, 0.9)
637497952852154220,29.38929,938563,142,(0.5, 0.2, 0.9)
637497952852154220,29.4005,938563,143,(0.5, 0.2, 0.9)
637497952852154220,29.4115,938563,144,(0.5, 0.2, 0.9)
637497952852154220,29.42286,938563,145,(0.5, 0.2, 0.9)
637497952852154220,29.43399,938563,146,(0.5, 0.2, 0.9)
637497952852154220,29.4448,938563,147,(0.5, 0.2, 0.9)
637497952852154220,29.45572,938563,148,(0.4, 0.2, 0.9)
637497952852154220,29.4669,938563,149,(0.4, 0.2, 0.9)
637497952852154220,29.47793,938563,150,(0.4, 0.2, 0.9)
637497952852154220,29.48966,938563,151,(0.4, 0.2, 0.9)
637497952852154220,29.50027,938563,152,(0.4, 0.2, 0.9)
637497952852154220,29.5111,938563,153,(0.4, 0.2, 0.9)
637497952852154220,29.5225,938563,154,(0.4, 0.2, 0.9)
637497952852154220,29.53384,938563,155,(0.4, 0.2, 0.9)
637497952852154220,29.54449,938563,156,(0.4, 0.2, 0.9)
637497952852154220,29.55631,938563,157,(0.4, 0.2, 0.9)
637497952852154220,29.5666,938563,158,(0.4, 0.2, 0.9)
637497952852154220,29.57808,938563,159,(0.4, 0.2, 0.9)
637497952852154220,29.58911,938563,160,(0.4, 0.2, 0.9)
637497952852154220,29.6,938563,161,(0.4, 0.2, 0.9)
637497952852154220,29.61124,938563,162,(0.4, 0.2, 0.9)
637497952852154220,29.62275,938563,163,(0.4, 0.2, 0.9)
637497952852154220,29.63367,938563,164,(0.4, 0.2, 0.9)
637497952852154220,29.64499,938563,165,(0.4, 0.2, 0.9)
637497952852154220,29.6559,938563,166,(0.4, 0.2, 0.9)
637497952852154220,29.66679,938563,167,(0.4, 0.2, 0.9)
637497952852154220,29.6781,938563,168,(0.4, 0.2, 0.9)
637497952852154220,29.689,938563,169,(0.4, 0.2, 0.9)
637497952852154220,29.70012,938563,170,(0.4, 0.2, 0.9)
637497952852154220,29.71183,938563,171,(0.4, 0.3, 0.8)
637497952852154220,29.72254,938563,172,(0.4, 0.3, 0.8)
637497952852154220,29.73394,938563,173,(0.4, 0.2, 0.9)
637497952852154220,29.74494,938563,174,(0.4, 0.2, 0.9)
637497952852154220,29.75573,938563,175,(0.4, 0.2, 0.9)
637497952852154220,29.76683,938563,176,(0.4, 0.2, 0.9)
637497952852154220,29.77802,938563,177,(0.4, 0.2, 0.9)
637497952852154220,29.78885,938563,178,(0.4, 0.2, 0.9)
637497952852154220,29.80067,938563,179,(0.5, 0.3, 0.8)
637497952852154220,29.81124,938563,180,(0.5, 0.2, 0.8)
637497952852154220,29.82273,938563,181,(0.6, 0.3, 0.8)
637497952852154220,29.83355,938563,182,(0.7, 0.3, 0.7)
637497952852154220,29.84474,938563,183,(0.7, 0.3, 0.7)
637497952852154220,29.85603,938563,184,(0.7, 0.3, 0.7)
637497952852154220,29.86726,938563,185,(0.7, 0.2, 0.7)
637497952852154220,29.87771,938563,186,(0.7, 0.2, 0.7)
637497952852154220,29.88898,938563,187,(0.7, 0.2, 0.7)
637497952852154220,29.90017,938563,188,(0.7, 0.2, 0.7)
637497952852154220,29.91114,938563,189,(0.7, 0.2, 0.7)
637497952852154220,29.9221,938563,190,(0.7, 0.2, 0.7)
637497952852154220,29.93323,938563,191,(0.7, 0.2, 0.7)
637497952852154220,29.94441,938563,192,(0.7, 0.2, 0.7)
637497952852154220,29.95558,938563,193,(0.7, 0.2, 0.7)
637497952852154220,29.96663,938563,194,(0.7, 0.2, 0.7)
637497952852154220,29.97781,938563,195,(0.7, 0.2, 0.7)
637497952852154220,29.98911,938563,196,(0.7, 0.2, 0.7)
637497952852154220,29.99993,938563,197,(0.7, 0.2, 0.7)
637497952852154220,30.01121,938563,198,(0.7, 0.2, 0.7)
637497952852154220,30.02229,938563,199,(0.7, 0.2, 0.7)
637497952852154220,30.03339,938563,200,(0.7, 0.2, 0.7)
637497952852154220,30.04432,938563,201,(0.7, 0.2, 0.7)
637497952852154220,30.20125,938563,202,(0.7, 0.2, 0.7)
637497952852154220,30.21224,938563,203,(0.7, 0.2, 0.7)
637497952852154220,30.22228,938563,204,(0.7, 0.2, 0.7)
637497952852154220,30.23345,938563,205,(0.7, 0.3, 0.7)
637497952852154220,30.24456,938563,206,(0.7, 0.2, 0.7)
637497952852154220,30.25607,938563,207,(0.7, 0.2, 0.7)
637497952852154220,30.26731,938563,208,(0.7, 0.2, 0.7)
637497952852154220,30.27821,938563,209,(0.6, 0.3, 0.7)
637497952852154220,30.28973,938563,210,(0.4, 0.3, 0.9)
637497952852154220,30.30186,938563,211,(0.4, 0.1, 0.9)
637497952852154220,30.34463,938563,212,(0.3, 0.0, 0.9)
637497952852154220,30.3558,938563,213,(0.1, -0.1, 1.0)
637497952852154220,30.36658,938563,214,(0.1, 0.2, 1.0)
637497952852154220,30.37785,938563,215,(0.0, 0.2, 1.0)
637497952852154220,30.38913,938563,216,(0.0, 0.3, 1.0)
637497952852154220,30.4005,938563,217,(0.0, 0.3, 1.0)
637497952852154220,30.41128,938563,218,(0.0, 0.3, 1.0)
637497952852154220,30.42261,938563,219,(0.0, 0.3, 0.9)
637497952852154220,30.4334,938563,220,(0.0, 0.3, 0.9)
637497952852154220,30.44451,938563,221,(0.0, 0.3, 0.9)
637497952852154220,30.45546,938563,222,(0.0, 0.3, 0.9)
637497952852154220,30.46665,938563,223,(0.0, 0.3, 1.0)
637497952852154220,30.47787,938563,224,(0.0, 0.3, 1.0)
637497952852154220,30.48905,938563,225,(0.0, 0.3, 1.0)
637497952852154220,30.50002,938563,226,(0.0, 0.3, 1.0)
637497952852154220,30.51149,938563,227,(0.0, 0.3, 1.0)
637497952852154220,30.52256,938563,228,(0.0, 0.3, 1.0)
637497952852154220,30.53355,938563,229,(0.0, 0.3, 1.0)
637497952852154220,30.54436,938563,230,(0.0, 0.3, 1.0)
637497952852154220,30.5558,938563,231,(0.0, 0.3, 1.0)
637497952852154220,30.5667,938563,232,(0.0, 0.3, 1.0)
637497952852154220,30.57835,938563,233,(0.0, 0.3, 1.0)
637497952852154220,30.58882,938563,234,(0.0, 0.3, 1.0)
637497952852154220,30.59992,938563,235,(0.0, 0.3, 1.0)
637497952852154220,30.61115,938563,236,(0.0, 0.3, 1.0)
637497952852154220,30.62242,938563,237,(0.0, 0.3, 1.0)
637497952852154220,30.63346,938563,238,(0.0, 0.3, 1.0)
637497952852154220,30.64447,938563,239,(0.0, 0.3, 1.0)
637497952852154220,30.65561,938563,240,(0.0, 0.3, 1.0)
637497952852154220,30.66685,938563,241,(0.0, 0.3, 1.0)
637497952852154220,30.67776,938563,242,(0.0, 0.3, 1.0)
637497952852154220,30.68889,938563,243,(0.0, 0.3, 1.0)
637497952852154220,30.70004,938563,244,(0.0, 0.3, 1.0)
637497952852154220,30.71119,938563,245,(0.0, 0.3, 1.0)
637497952852154220,30.72273,938563,246,(0.0, 0.3, 1.0)
637497952852154220,30.73328,938563,247,(0.0, 0.3, 1.0)
637497952852154220,30.74448,938563,248,(0.1, 0.3, 0.9)
637497952852154220,30.75557,938563,249,(0.0, 0.3, 0.9)
637497952852154220,30.76655,938563,250,(0.1, 0.3, 0.9)
637497952852154220,30.77772,938563,251,(0.1, 0.3, 0.9)
637497952852154220,30.78907,938563,252,(0.1, 0.3, 0.9)
637497952852154220,30.80025,938563,253,(0.1, 0.3, 0.9)
637497952852154220,30.81135,938563,254,(0.1, 0.3, 0.9)
637497952852154220,30.82262,938563,255,(0.1, 0.3, 0.9)
637497952852154220,30.83337,938563,256,(0.1, 0.3, 0.9)
637497952852154220,30.84456,938563,257,(0.1, 0.3, 0.9)
637497952852154220,30.85612,938563,258,(0.1, 0.3, 0.9)
637497952852154220,30.8688,938563,259,(0.1, 0.3, 0.9)
637497952852154220,30.87797,938563,260,(0.1, 0.3, 0.9)
637497952852154220,30.88893,938563,261,(0.1, 0.3, 0.9)
637497952852154220,30.90082,938563,262,(0.1, 0.3, 0.9)
637497952852154220,30.91128,938563,263,(0.1, 0.3, 0.9)
637497952852154220,30.92243,938563,264,(0.1, 0.3, 0.9)
637497952852154220,30.93343,938563,265,(0.1, 0.3, 0.9)
637497952852154220,30.94449,938563,266,(0.1, 0.3, 0.9)
637497952852154220,30.95572,938563,267,(0.1, 0.3, 0.9)
637497952852154220,30.9667,938563,268,(0.1, 0.3, 0.9)
637497952852154220,30.97809,938563,269,(0.1, 0.3, 0.9)
637497952852154220,30.98896,938563,270,(0.1, 0.3, 0.9)
637497952852154220,31.00029,938563,271,(0.1, 0.3, 1.0)
637497952852154220,31.01098,938563,272,(0.1, 0.3, 1.0)
637497952852154220,31.02249,938563,273,(0.0, 0.3, 1.0)
637497952852154220,31.0334,938563,274,(0.0, 0.2, 1.0)
637497952852154220,31.04453,938563,275,(0.0, 0.2, 1.0)
637497952852154220,31.05542,938563,276,(0.0, 0.2, 1.0)
637497952852154220,31.06677,938563,277,(0.0, 0.2, 1.0)
637497952852154220,31.07774,938563,278,(0.0, 0.2, 1.0)
637497952852154220,31.08917,938563,279,(0.0, 0.2, 1.0)
637497952852154220,31.10006,938563,280,(0.0, 0.2, 1.0)
637497952852154220,31.11146,938563,281,(0.0, 0.2, 1.0)
637497952852154220,31.123,938563,282,(0.0, 0.2, 1.0)
637497952852154220,31.13366,938563,283,(0.0, 0.2, 1.0)
637497952852154220,31.14433,938563,284,(0.0, 0.2, 1.0)
637497952852154220,31.1557,938563,285,(0.0, 0.2, 1.0)
637497952852154220,31.16677,938563,286,(0.0, 0.2, 1.0)
637497952852154220,31.1778,938563,287,(0.0, 0.2, 1.0)
637497952852154220,31.18891,938563,288,(0.0, 0.2, 1.0)
637497952852154220,31.20031,938563,289,(-0.1, 0.2, 1.0)
637497952852154220,31.21112,938563,290,(-0.2, 0.2, 1.0)
637497952852154220,31.2222,938563,291,(-0.2, 0.2, 1.0)
637497952852154220,31.23369,938563,292,(-0.4, 0.2, 0.9)
637497952852154220,31.24451,938563,293,(-0.4, 0.2, 0.9)
637497952852154220,31.2558,938563,294,(-0.4, 0.2, 0.9)
637497952852154220,31.26683,938563,295,(-0.5, 0.2, 0.9)
637497952852154220,31.27775,938563,296,(-0.5, 0.2, 0.8)
637497952852154220,31.28899,938563,297,(-0.5, 0.2, 0.9)
637497952852154220,31.30005,938563,298,(-0.5, 0.1, 0.9)
637497952852154220,31.31125,938563,299,(-0.5, 0.1, 0.9)
637497952852154220,31.32257,938563,300,(-0.5, 0.1, 0.9)
637497952852154220,31.33376,938563,301,(-0.5, 0.2, 0.9)
637497952852154220,31.34442,938563,302,(-0.5, 0.2, 0.8)
637497952852154220,31.35552,938563,303,(-0.5, 0.2, 0.8)
637497952852154220,31.36684,938563,304,(-0.5, 0.2, 0.8)
637497952852154220,31.378,938563,305,(-0.5, 0.2, 0.8)
637497952852154220,31.38898,938563,306,(-0.5, 0.2, 0.8)
637497952852154220,31.4002,938563,307,(-0.5, 0.2, 0.8)
637497952852154220,31.41155,938563,308,(-0.5, 0.2, 0.9)
637497952852154220,31.42229,938563,309,(-0.5, 0.2, 0.9)
637497952852154220,31.43356,938563,310,(-0.4, 0.2, 0.9)
637497952852154220,31.44465,938563,311,(-0.5, 0.2, 0.9)
637497952852154220,31.45566,938563,312,(-0.5, 0.2, 0.8)
637497952852154220,31.46673,938563,313,(-0.5, 0.2, 0.9)
637497952852154220,31.47782,938563,314,(-0.5, 0.2, 0.9)
637497952852154220,31.48908,938563,315,(-0.5, 0.2, 0.9)
637497952852154220,31.50012,938563,316,(-0.4, 0.1, 0.9)
637497952852154220,31.51094,938563,317,(-0.5, 0.1, 0.9)
637497952852154220,31.52258,938563,318,(-0.5, 0.2, 0.9)
637497952852154220,31.53351,938563,319,(-0.5, 0.2, 0.8)
637497952852154220,31.54463,938563,320,(-0.5, 0.2, 0.8)
637497952852154220,31.55548,938563,321,(-0.5, 0.2, 0.8)
637497952852154220,31.56664,938563,322,(-0.5, 0.2, 0.8)
637497952852154220,31.57777,938563,323,(-0.5, 0.2, 0.8)
637497952852154220,31.58924,938563,324,(-0.5, 0.2, 0.8)
637497952852154220,31.60046,938563,325,(-0.5, 0.2, 0.9)
637497952852154220,31.61128,938563,326,(-0.5, 0.2, 0.9)
637497952852154220,31.6228,938563,327,(-0.5, 0.2, 0.9)
637497952852154220,31.63358,938563,328,(-0.4, 0.1, 0.9)
637497952852154220,31.64489,938563,329,(-0.4, 0.1, 0.9)
637497952852154220,31.65606,938563,330,(-0.5, 0.2, 0.9)
637497952852154220,31.66676,938563,331,(-0.5, 0.2, 0.9)
637497952852154220,31.678,938563,332,(-0.5, 0.2, 0.9)
637497952852154220,31.68925,938563,333,(-0.5, 0.2, 0.9)
637497952852154220,31.70028,938563,334,(-0.6, 0.2, 0.8)
637497952852154220,31.7115,938563,335,(-0.6, 0.3, 0.7)
637497952852154220,31.72267,938563,336,(-0.6, 0.3, 0.7)
637497952852154220,31.73353,938563,337,(-0.7, 0.2, 0.7)
637497952852154220,31.74467,938563,338,(-0.7, 0.3, 0.6)
637497952852154220,31.75592,938563,339,(-0.7, 0.3, 0.6)
637497952852154220,31.76673,938563,340,(-0.7, 0.2, 0.7)
637497952852154220,31.77781,938563,341,(-0.7, 0.2, 0.7)
637497952852154220,31.78951,938563,342,(-0.7, 0.2, 0.7)
637497952852154220,31.80267,938563,343,(-0.7, 0.2, 0.7)
637497952852154220,31.81623,938563,344,(-0.7, 0.2, 0.7)
637497952852154220,31.82573,938563,345,(-0.7, 0.2, 0.6)
637497952852154220,31.83364,938563,346,(-0.7, 0.2, 0.6)
637497952852154220,31.84465,938563,347,(-0.7, 0.2, 0.6)
637497952852154220,31.85584,938563,348,(-0.7, 0.2, 0.6)
637497952852154220,31.86691,938563,349,(-0.7, 0.2, 0.7)
637497952852154220,31.87783,938563,350,(-0.7, 0.2, 0.7)
637497952852154220,31.88917,938563,351,(-0.7, 0.2, 0.7)
637497952852154220,31.90022,938563,352,(-0.7, 0.2, 0.7)
637497952852154220,31.91149,938563,353,(-0.7, 0.2, 0.7)
637497952852154220,31.9223,938563,354,(-0.7, 0.2, 0.7)
637497952852154220,31.9337,938563,355,(-0.7, 0.4, 0.6)
637497952852154220,31.94459,938563,356,(-0.7, 0.4, 0.6)
637497952852154220,31.95577,938563,357,(-0.7, 0.4, 0.6)
637497952852154220,31.9668,938563,358,(-0.7, 0.3, 0.7)
637497952852154220,31.97775,938563,359,(-0.6, 0.3, 0.7)
637497952852154220,31.98901,938563,360,(-0.6, 0.3, 0.8)
637497952852154220,32.00014,938563,361,(-0.6, 0.2, 0.8)
637497952852154220,32.01175,938563,362,(-0.5, 0.2, 0.8)
637497952852154220,32.02283,938563,363,(-0.5, 0.2, 0.8)
637497952852154220,32.03357,938563,364,(-0.5, 0.2, 0.8)
637497952852154220,32.04448,938563,365,(-0.5, 0.2, 0.8)
637497952852154220,32.05573,938563,366,(-0.5, 0.2, 0.8)
637497952852154220,32.0673,938563,367,(-0.5, 0.2, 0.8)
637497952852154220,32.07782,938563,368,(-0.5, 0.2, 0.8)
637497952852154220,32.0892,938563,369,(-0.5, 0.2, 0.8)
637497952852154220,32.10022,938563,370,(-0.5, 0.2, 0.8)
637497952852154220,32.11152,938563,371,(-0.5, 0.2, 0.8)
637497952852154220,32.12263,938563,372,(-0.5, 0.2, 0.8)
637497952852154220,32.13395,938563,373,(-0.5, 0.2, 0.9)
637497952852154220,32.1445,938563,374,(-0.5, 0.2, 0.9)
637497952852154220,32.15598,938563,375,(-0.5, 0.2, 0.9)
637497952852154220,32.1668,938563,376,(-0.5, 0.1, 0.9)
637497952852154220,32.17816,938563,377,(-0.4, 0.1, 0.9)
637497952852154220,32.18935,938563,378,(-0.4, 0.1, 0.9)
637497952852154220,32.19991,938563,379,(-0.5, 0.2, 0.9)
637497952852154220,32.21134,938563,380,(-0.5, 0.2, 0.9)
637497952852154220,32.2224,938563,381,(-0.5, 0.2, 0.9)
637497952852154220,32.23346,938563,382,(-0.5, 0.2, 0.9)
637497952852154220,32.24462,938563,383,(-0.5, 0.1, 0.9)
637497952852154220,32.25584,938563,384,(-0.5, 0.2, 0.9)
637497952852154220,32.26665,938563,385,(-0.5, 0.1, 0.9)
637497952852154220,32.27803,938563,386,(-0.4, 0.1, 0.9)
637497952852154220,32.28884,938563,387,(-0.4, 0.1, 0.9)
637497952852154220,32.30011,938563,388,(-0.3, 0.0, 0.9)
637497952852154220,32.31126,938563,389,(-0.1, 0.2, 1.0)
637497952852154220,32.32235,938563,390,(-0.2, 0.1, 1.0)
637497952852154220,32.34452,938563,391,(0.3, -0.3, 0.9)
637497952852154220,32.38897,938563,392,(0.2, 0.1, 1.0)
637497952852154220,32.40014,938563,393,(0.3, 0.2, 0.9)
637497952852154220,32.41135,938563,394,(0.3, 0.1, 0.9)
637497952852154220,32.42274,938563,395,(0.4, 0.2, 0.9)
637497952852154220,32.4557,938563,396,(0.4, 0.1, 0.9)
637497952852154220,32.46664,938563,397,(0.4, 0.1, 0.9)
637497952852154220,32.47793,938563,398,(0.4, 0.1, 0.9)
637497952852154220,32.48927,938563,399,(0.4, 0.2, 0.9)
637497952852154220,32.50005,938563,400,(0.4, 0.2, 0.9)
637497952852154220,32.51117,938563,401,(0.3, 0.2, 0.9)
637497952852154220,32.6633,938563,402,(0.3, 0.2, 0.9)
637497952852154220,32.67488,938563,403,(0.3, 0.2, 0.9)
637497952852154220,32.68084,938563,404,(0.3, 0.2, 0.9)
637497952852154220,32.6888,938563,405,(0.3, 0.2, 0.9)
637497952852154220,32.70028,938563,406,(0.3, 0.2, 0.9)
637497952852154220,32.71163,938563,407,(0.3, 0.2, 0.9)
637497952852154220,32.72297,938563,408,(0.4, 0.2, 0.9)
637497952852154220,32.73395,938563,409,(0.4, 0.2, 0.9)
637497952852154220,32.74439,938563,410,(0.4, 0.2, 0.9)
637497952852154220,32.75579,938563,411,(0.4, 0.2, 0.9)
637497952852154220,32.76735,938563,412,(0.4, 0.2, 0.9)
637497952852154220,32.77818,938563,413,(0.4, 0.2, 0.9)
637497952852154220,32.78922,938563,414,(0.4, 0.2, 0.9)
637497952852154220,32.80087,938563,415,(0.4, 0.2, 0.9)
637497952852154220,32.81171,938563,416,(0.4, 0.2, 0.9)
637497952852154220,32.82317,938563,417,(0.4, 0.2, 0.9)
637497952852154220,32.8334,938563,418,(0.4, 0.2, 0.9)
637497952852154220,32.8447,938563,419,(0.4, 0.2, 0.9)
637497952852154220,32.85643,938563,420,(0.4, 0.2, 0.9)
637497952852154220,32.8683,938563,421,(0.4, 0.2, 0.9)
637497952852154220,32.87787,938563,422,(0.4, 0.2, 0.9)
637497952852154220,32.88898,938563,423,(0.4, 0.2, 0.9)
637497952852154220,32.90088,938563,424,(0.4, 0.2, 0.9)
637497952852154220,32.9121,938563,425,(0.4, 0.2, 0.9)
637497952852154220,32.92268,938563,426,(0.4, 0.2, 0.9)
637497952852154220,32.93363,938563,427,(0.4, 0.2, 0.9)
637497952852154220,32.94471,938563,428,(0.4, 0.2, 0.9)
637497952852154220,32.95595,938563,429,(0.4, 0.2, 0.9)
637497952852154220,32.96702,938563,430,(0.4, 0.2, 0.9)
637497952852154220,32.97809,938563,431,(0.4, 0.2, 0.9)
637497952852154220,32.98932,938563,432,(0.4, 0.2, 0.9)
637497952852154220,33.00013,938563,433,(0.4, 0.2, 0.9)
637497952852154220,33.01138,938563,434,(0.4, 0.2, 0.9)
637497952852154220,33.02266,938563,435,(0.4, 0.2, 0.9)
637497952852154220,33.03392,938563,436,(0.4, 0.2, 0.9)
637497952852154220,33.04461,938563,437,(0.4, 0.2, 0.9)
637497952852154220,33.05608,938563,438,(0.4, 0.2, 0.9)
637497952852154220,33.06692,938563,439,(0.4, 0.2, 0.9)
637497952852154220,33.07807,938563,440,(0.4, 0.2, 0.9)
637497952852154220,33.08977,938563,441,(0.4, 0.2, 0.9)
637497952852154220,33.10004,938563,442,(0.4, 0.2, 0.9)
637497952852154220,33.11123,938563,443,(0.4, 0.2, 0.9)
637497952852154220,33.12291,938563,444,(0.4, 0.2, 0.9)
637497952852154220,33.13422,938563,445,(0.4, 0.2, 0.9)
637497952852154220,33.14547,938563,446,(0.4, 0.2, 0.9)
637497952852154220,33.15572,938563,447,(0.4, 0.2, 0.9)
637497952852154220,33.1671,938563,448,(0.4, 0.2, 0.9)
637497952852154220,33.17784,938563,449,(0.4, 0.2, 0.9)
637497952852154220,33.18901,938563,450,(0.4, 0.2, 0.9)
637497952852154220,33.2002,938563,451,(0.4, 0.2, 0.9)
637497952852154220,33.2112,938563,452,(0.4, 0.2, 0.9)
637497952852154220,33.22245,938563,453,(0.4, 0.2, 0.9)
637497952852154220,33.23345,938563,454,(0.4, 0.2, 0.9)
637497952852154220,33.24459,938563,455,(0.4, 0.2, 0.9)
637497952852154220,33.25571,938563,456,(0.4, 0.2, 0.9)
637497952852154220,33.26667,938563,457,(0.4, 0.2, 0.9)
637497952852154220,33.278,938563,458,(0.4, 0.2, 0.9)
637497952852154220,33.28946,938563,459,(0.4, 0.2, 0.9)
637497952852154220,33.29998,938563,460,(0.4, 0.2, 0.9)
637497952852154220,33.31117,938563,461,(0.4, 0.2, 0.9)
637497952852154220,33.32224,938563,462,(0.4, 0.2, 0.9)
637497952852154220,33.33342,938563,463,(0.4, 0.2, 0.9)
637497952852154220,33.34512,938563,464,(0.4, 0.2, 0.9)
637497952852154220,33.35565,938563,465,(0.4, 0.2, 0.9)
637497952852154220,33.36661,938563,466,(0.4, 0.2, 0.9)
637497952852154220,33.37792,938563,467,(0.4, 0.2, 0.9)
637497952852154220,33.38943,938563,468,(0.4, 0.2, 0.9)
637497952852154220,33.40015,938563,469,(0.4, 0.2, 0.9)
637497952852154220,33.41122,938563,470,(0.4, 0.2, 0.9)
637497952852154220,33.42263,938563,471,(0.4, 0.1, 0.9)
637497952852154220,33.43344,938563,472,(0.4, 0.1, 0.9)
637497952852154220,33.44475,938563,473,(0.4, 0.1, 0.9)
637497952852154220,33.45553,938563,474,(0.4, 0.1, 0.9)
637497952852154220,33.46721,938563,475,(0.4, 0.1, 0.9)
637497952852154220,33.47785,938563,476,(0.4, 0.1, 0.9)
637497952852154220,33.48928,938563,477,(0.4, 0.1, 0.9)
637497952852154220,33.50009,938563,478,(0.4, 0.1, 0.9)
637497952852154220,33.51136,938563,479,(0.4, 0.1, 0.9)
637497952852154220,33.52246,938563,480,(0.4, 0.1, 0.9)
637497952852154220,33.53353,938563,481,(0.4, 0.1, 0.9)
637497952852154220,33.54515,938563,482,(0.4, 0.1, 0.9)
637497952852154220,33.55562,938563,483,(0.4, 0.1, 0.9)
637497952852154220,33.56665,938563,484,(0.4, 0.1, 0.9)
637497952852154220,33.57794,938563,485,(0.4, 0.1, 0.9)
637497952852154220,33.58898,938563,486,(0.4, 0.1, 0.9)
637497952852154220,33.6003,938563,487,(0.4, 0.1, 0.9)
637497952852154220,33.6112,938563,488,(0.4, 0.1, 0.9)
637497952852154220,33.62243,938563,489,(0.4, 0.1, 0.9)
637497952852154220,33.63401,938563,490,(0.4, 0.1, 0.9)
637497952852154220,33.64466,938563,491,(0.4, 0.1, 0.9)
637497952852154220,33.65566,938563,492,(0.4, 0.2, 0.9)
637497952852154220,33.66755,938563,493,(0.4, 0.2, 0.9)
637497952852154220,33.67794,938563,494,(0.4, 0.2, 0.9)
637497952852154220,33.68935,938563,495,(0.4, 0.2, 0.9)
637497952852154220,33.70016,938563,496,(0.4, 0.2, 0.9)
637497952852154220,33.71142,938563,497,(0.4, 0.2, 0.9)
637497952852154220,33.72249,938563,498,(0.4, 0.2, 0.9)
637497952852154220,33.73376,938563,499,(0.4, 0.2, 0.9)
637497952852154220,33.74464,938563,500,(0.4, 0.2, 0.9)
637497952852154220,33.7559,938563,501,(0.4, 0.2, 0.9)
637497952852154220,33.76664,938563,502,(0.4, 0.2, 0.9)
637497952852154220,33.77809,938563,503,(0.4, 0.2, 0.9)
637497952852154220,33.78915,938563,504,(0.4, 0.2, 0.9)
637497952852154220,33.79989,938563,505,(0.4, 0.2, 0.9)
637497952852154220,33.81134,938563,506,(0.4, 0.2, 0.9)
637497952852154220,33.82288,938563,507,(0.4, 0.2, 0.9)
637497952852154220,33.8334,938563,508,(0.4, 0.2, 0.9)
637497952852154220,33.84458,938563,509,(0.4, 0.2, 0.9)
637497952852154220,33.85598,938563,510,(0.4, 0.2, 0.9)
637497952852154220,33.86702,938563,511,(0.4, 0.2, 0.9)
637497952852154220,33.87803,938563,512,(0.4, 0.2, 0.9)
637497952852154220,33.88912,938563,513,(0.4, 0.3, 0.9)
637497952852154220,33.90006,938563,514,(0.5, 0.2, 0.8)
637497952852154220,33.91174,938563,515,(0.5, 0.3, 0.8)
637497952852154220,33.92257,938563,516,(0.6, 0.2, 0.8)
637497952852154220,33.93349,938563,517,(0.7, 0.3, 0.7)
637497952852154220,33.94464,938563,518,(0.7, 0.2, 0.7)
637497952852154220,33.95583,938563,519,(0.7, 0.3, 0.6)
637497952852154220,33.96668,938563,520,(0.7, 0.3, 0.6)
637497952852154220,33.97811,938563,521,(0.7, 0.3, 0.7)
637497952852154220,33.98902,938563,522,(0.7, 0.3, 0.7)
637497952852154220,33.99999,938563,523,(0.7, 0.2, 0.7)
637497952852154220,34.01133,938563,524,(0.7, 0.2, 0.7)
637497952852154220,34.02225,938563,525,(0.7, 0.2, 0.7)
637497952852154220,34.03367,938563,526,(0.7, 0.2, 0.7)
637497952852154220,34.04454,938563,527,(0.7, 0.2, 0.7)
637497952852154220,34.05569,938563,528,(0.7, 0.2, 0.7)
637497952852154220,34.06696,938563,529,(0.7, 0.2, 0.7)
637497952852154220,34.07777,938563,530,(0.7, 0.2, 0.7)
637497952852154220,34.0891,938563,531,(0.7, 0.2, 0.7)
637497952852154220,34.10019,938563,532,(0.7, 0.2, 0.7)
637497952852154220,34.11125,938563,533,(0.7, 0.2, 0.7)
637497952852154220,34.12243,938563,534,(0.7, 0.2, 0.7)
637497952852154220,34.13499,938563,535,(0.7, 0.2, 0.7)
637497952852154220,34.14477,938563,536,(0.7, 0.3, 0.7)
637497952852154220,34.15622,938563,537,(0.7, 0.3, 0.7)
637497952852154220,34.16718,938563,538,(0.7, 0.3, 0.7)
637497952852154220,34.178,938563,539,(0.7, 0.2, 0.7)
637497952852154220,34.18904,938563,540,(0.6, 0.2, 0.7)
637497952852154220,34.20007,938563,541,(0.6, 0.3, 0.8)
637497952852154220,34.2113,938563,542,(0.6, 0.3, 0.8)
637497952852154220,34.22321,938563,543,(0.5, 0.3, 0.8)
637497952852154220,34.23344,938563,544,(0.5, 0.3, 0.8)
637497952852154220,34.24443,938563,545,(0.5, 0.3, 0.8)
637497952852154220,34.25554,938563,546,(0.5, 0.3, 0.8)
637497952852154220,34.26658,938563,547,(0.5, 0.3, 0.8)
637497952852154220,34.27797,938563,548,(0.5, 0.3, 0.8)
637497952852154220,34.2892,938563,549,(0.5, 0.3, 0.8)
637497952852154220,34.30024,938563,550,(0.5, 0.3, 0.8)
637497952852154220,34.31121,938563,551,(0.5, 0.3, 0.8)
637497952852154220,34.32246,938563,552,(0.5, 0.3, 0.8)
637497952852154220,34.33392,938563,553,(0.5, 0.3, 0.8)
637497952852154220,34.34455,938563,554,(0.5, 0.3, 0.8)
637497952852154220,34.35661,938563,555,(0.5, 0.3, 0.8)
637497952852154220,34.36685,938563,556,(0.5, 0.3, 0.8)
637497952852154220,34.378,938563,557,(0.5, 0.3, 0.8)
637497952852154220,34.38903,938563,558,(0.5, 0.3, 0.8)
637497952852154220,34.39999,938563,559,(0.5, 0.3, 0.8)
637497952852154220,34.41122,938563,560,(0.5, 0.3, 0.8)
637497952852154220,34.42291,938563,561,(0.5, 0.3, 0.8)
637497952852154220,34.43341,938563,562,(0.5, 0.3, 0.8)
637497952852154220,34.4444,938563,563,(0.5, 0.3, 0.8)
637497952852154220,34.45569,938563,564,(0.6, 0.3, 0.8)
637497952852154220,34.46703,938563,565,(0.6, 0.2, 0.7)
637497952852154220,34.47798,938563,566,(0.7, 0.2, 0.7)
637497952852154220,34.48906,938563,567,(0.7, 0.3, 0.7)
637497952852154220,34.50035,938563,568,(0.7, 0.3, 0.7)
637497952852154220,34.51122,938563,569,(0.7, 0.3, 0.7)
637497952852154220,34.52232,938563,570,(0.7, 0.3, 0.7)
637497952852154220,34.53366,938563,571,(0.7, 0.3, 0.7)
637497952852154220,34.54462,938563,572,(0.7, 0.2, 0.7)
637497952852154220,34.55655,938563,573,(0.7, 0.2, 0.7)
637497952852154220,34.56665,938563,574,(0.7, 0.2, 0.7)
637497952852154220,34.57803,938563,575,(0.7, 0.2, 0.7)
637497952852154220,34.58892,938563,576,(0.7, 0.2, 0.7)
637497952852154220,34.60096,938563,577,(0.7, 0.2, 0.7)
637497952852154220,34.61148,938563,578,(0.7, 0.2, 0.7)
637497952852154220,34.62253,938563,579,(0.7, 0.2, 0.7)
637497952852154220,34.6335,938563,580,(0.7, 0.2, 0.7)
637497952852154220,34.64457,938563,581,(0.7, 0.2, 0.7)
637497952852154220,34.65575,938563,582,(0.7, 0.2, 0.7)
637497952852154220,34.66677,938563,583,(0.7, 0.2, 0.7)
637497952852154220,34.67809,938563,584,(0.7, 0.2, 0.7)
637497952852154220,34.68917,938563,585,(0.7, 0.2, 0.7)
637497952852154220,34.70058,938563,586,(0.7, 0.2, 0.7)
637497952852154220,34.71142,938563,587,(0.7, 0.2, 0.7)
637497952852154220,34.72258,938563,588,(0.7, 0.2, 0.7)
637497952852154220,34.7339,938563,589,(0.7, 0.2, 0.7)
637497952852154220,34.74459,938563,590,(0.7, 0.2, 0.7)
637497952852154220,34.75568,938563,591,(0.7, 0.2, 0.7)
637497952852154220,34.7666,938563,592,(0.6, 0.2, 0.7)
637497952852154220,34.77815,938563,593,(0.6, 0.3, 0.7)
637497952852154220,34.78913,938563,594,(0.5, 0.2, 0.8)
637497952852154220,34.80046,938563,595,(0.4, 0.2, 0.9)
637497952852154220,34.8112,938563,596,(0.4, 0.2, 0.9)
637497952852154220,34.82238,938563,597,(0.4, 0.2, 0.9)
637497952852154220,34.8334,938563,598,(0.4, 0.2, 0.9)
637497952852154220,34.84494,938563,599,(0.4, 0.2, 0.9)
637497952852154220,34.85649,938563,600,(0.4, 0.2, 0.9)
637497952852154220,34.8672,938563,601,(0.4, 0.2, 0.9)
637497952852154220,35.01053,938563,602,(0.4, 0.2, 0.9)
637497952852154220,35.02002,938563,603,(0.3, 0.2, 0.9)
637497952852154220,35.02668,938563,604,(0.2, 0.2, 1.0)
637497952852154220,35.0336,938563,605,(0.1, 0.2, 1.0)
637497952852154220,35.04463,938563,606,(0.1, 0.2, 1.0)
637497952852154220,35.05656,938563,607,(0.0, 0.2, 1.0)
637497952852154220,35.06728,938563,608,(-0.2, 0.2, 1.0)
637497952852154220,35.07812,938563,609,(-0.2, 0.2, 1.0)
637497952852154220,35.08942,938563,610,(-0.3, 0.3, 0.9)
637497952852154220,35.10215,938563,611,(-0.4, 0.2, 0.9)
637497952852154220,35.11175,938563,612,(-0.4, 0.1, 0.9)
637497952852154220,35.12288,938563,613,(-0.5, 0.2, 0.9)
637497952852154220,35.13391,938563,614,(-0.5, 0.2, 0.8)
637497952852154220,35.14474,938563,615,(-0.6, 0.2, 0.8)
637497952852154220,35.15571,938563,616,(-0.5, 0.1, 0.8)
637497952852154220,35.1677,938563,617,(-0.5, 0.2, 0.8)
637497952852154220,35.17873,938563,618,(-0.5, 0.2, 0.8)
637497952852154220,35.18916,938563,619,(-0.5, 0.1, 0.8)
637497952852154220,35.20043,938563,620,(-0.6, 0.3, 0.7)
637497952852154220,35.21209,938563,621,(-0.7, 0.6, 0.5)
637497952852154220,35.22318,938563,622,(-0.6, 0.3, 0.7)
637497952852154220,35.23425,938563,623,(-0.6, 0.3, 0.8)
637497952852154220,35.24496,938563,624,(-0.6, 0.5, 0.6)
637497952852154220,35.25613,938563,625,(-0.6, 0.5, 0.6)
637497952852154220,35.2674,938563,626,(-0.6, 0.5, 0.6)
637497952852154220,35.27853,938563,627,(-0.6, 0.5, 0.6)
637497952852154220,35.28949,938563,628,(-0.6, 0.5, 0.6)
637497952852154220,35.30087,938563,629,(-0.6, 0.4, 0.7)
637497952852154220,35.31163,938563,630,(-0.6, 0.4, 0.7)
637497952852154220,35.32322,938563,631,(-0.5, 0.2, 0.8)
637497952852154220,35.33352,938563,632,(-0.5, 0.2, 0.8)
637497952852154220,35.34499,938563,633,(-0.5, 0.2, 0.8)
637497952852154220,35.3562,938563,634,(-0.5, 0.0, 0.9)
637497952852154220,35.36833,938563,635,(-0.5, 0.1, 0.8)
637497952852154220,35.37843,938563,636,(-0.5, 0.1, 0.8)
637497952852154220,35.38943,938563,637,(-0.6, 0.2, 0.8)
637497952852154220,35.40025,938563,638,(-0.7, 0.6, 0.4)
637497952852154220,35.4114,938563,639,(-0.7, 0.6, 0.3)
637497952852154220,35.42289,938563,640,(-0.7, 0.2, 0.7)
637497952852154220,35.43365,938563,641,(-0.7, 0.3, 0.6)
637497952852154220,35.44489,938563,642,(-0.7, 0.3, 0.6)
637497952852154220,35.45616,938563,643,(-0.7, 0.3, 0.6)
637497952852154220,35.46722,938563,644,(-0.7, 0.2, 0.7)
637497952852154220,35.47821,938563,645,(-0.7, 0.2, 0.7)
637497952852154220,35.48912,938563,646,(-0.7, 0.3, 0.6)
637497952852154220,35.50028,938563,647,(-0.7, 0.3, 0.6)
637497952852154220,35.51185,938563,648,(-0.7, 0.3, 0.6)
637497952852154220,35.52253,938563,649,(-0.7, 0.3, 0.6)
637497952852154220,35.53377,938563,650,(-0.7, 0.3, 0.6)
637497952852154220,35.54465,938563,651,(-0.8, 0.3, 0.6)
637497952852154220,35.55597,938563,652,(-0.7, 0.3, 0.6)
637497952852154220,35.56767,938563,653,(-0.7, 0.3, 0.6)
637497952852154220,35.57826,938563,654,(-0.8, 0.3, 0.6)
637497952852154220,35.58923,938563,655,(-0.8, 0.3, 0.6)
637497952852154220,35.6004,938563,656,(-0.7, 0.3, 0.6)
637497952852154220,35.61143,938563,657,(-0.7, 0.6, 0.5)