637497952852154220,35.73369,938563,1,(-0.2, 0.4, 0.9)
637497952852154220,39.75611,938563,2,(0.5, 0.2, 0.8)
637497952852154220,39.76712,938563,3,(0.5, 0.2, 0.8)
637497952852154220,39.77848,938563,4,(0.5, 0.2, 0.8)
637497952852154220,39.78958,938563,5,(0.5, 0.2, 0.8)
637497952852154220,39.80054,938563,6,(0.5, 0.2, 0.8)
637497952852154220,39.8118,938563,7,(0.5, 0.2, 0.8)
637497952852154220,39.82298,938563,8,(0.5, 0.2, 0.8)
637497952852154220,39.8341,938563,9,(0.5, 0.2, 0.8)
637497952852154220,39.84508,938563,10,(0.5, 0.2, 0.8)
637497952852154220,39.85691,938563,11,(0.5, 0.2, 0.8)
637497952852154220,39.86724,938563,12,(0.5, 0.2, 0.8)
637497952852154220,39.87806,938563,13,(0.5, 0.2, 0.8)
637497952852154220,39.88913,938563,14,(0.5, 0.2, 0.8)
637497952852154220,39.90042,938563,15,(0.5, 0.2, 0.8)
637497952852154220,39.91148,938563,16,(0.5, 0.2, 0.8)
637497952852154220,39.92302,938563,17,(0.5, 0.2, 0.8)
637497952852154220,39.93399,938563,18,(0.5, 0.2, 0.8)
637497952852154220,39.94578,938563,19,(0.5, 0.1, 0.9)
637497952852154220,39.95588,938563,20,(0.4, 0.1, 0.9)
637497952852154220,39.96698,938563,21,(0.4, 0.2, 0.9)
637497952852154220,39.97858,938563,22,(0.4, 0.1, 0.9)
637497952852154220,39.98967,938563,23,(0.4, 0.1, 0.9)
637497952852154220,40.00035,938563,24,(0.4, 0.2, 0.9)
637497952852154220,40.01174,938563,25,(0.4, 0.2, 0.9)
637497952852154220,40.02283,938563,26,(0.4, 0.2, 0.9)
637497952852154220,40.03428,938563,27,(0.4, 0.2, 0.9)
637497952852154220,40.04469,938563,28,(0.4, 0.2, 0.9)
637497952852154220,40.05622,938563,29,(0.4, 0.2, 0.9)
637497952852154220,40.06721,938563,30,(0.4, 0.2, 0.9)
637497952852154220,40.07832,938563,31,(0.4, 0.1, 0.9)
637497952852154220,40.08951,938563,32,(0.4, 0.1, 0.9)
637497952852154220,40.10064,938563,33,(0.4, 0.1, 0.9)
637497952852154220,40.1115,938563,34,(0.4, 0.1, 0.9)
637497952852154220,40.12298,938563,35,(0.4, 0.1, 0.9)
637497952852154220,40.13395,938563,36,(0.4, 0.1, 0.9)
637497952852154220,40.14482,938563,37,(0.4, 0.1, 0.9)
637497952852154220,40.15625,938563,38,(0.4, 0.1, 0.9)
637497952852154220,40.16757,938563,39,(0.4, 0.1, 0.9)
637497952852154220,40.17845,938563,40,(0.4, 0.1, 0.9)
637497952852154220,40.1894,938563,41,(0.4, 0.2, 0.9)
637497952852154220,40.20065,938563,42,(0.4, 0.1, 0.9)
637497952852154220,40.21197,938563,43,(0.4, 0.2, 0.9)
637497952852154220,40.22309,938563,44,(0.4, 0.1, 0.9)
637497952852154220,40.23397,938563,45,(0.4, 0.1, 0.9)
637497952852154220,40.24541,938563,46,(0.4, 0.2, 0.9)
637497952852154220,40.25652,938563,47,(0.4, 0.2, 0.9)
637497952852154220,40.26696,938563,48,(0.4, 0.2, 0.9)
637497952852154220,40.27829,938563,49,(0.4, 0.2, 0.9)
637497952852154220,40.28959,938563,50,(0.4, 0.2, 0.9)
637497952852154220,40.30087,938563,51,(0.4, 0.2, 0.9)
637497952852154220,40.31211,938563,52,(0.4, 0.2, 0.9)
637497952852154220,40.32325,938563,53,(0.4, 0.2, 0.9)
637497952852154220,40.33431,938563,54,(0.4, 0.2, 0.9)
637497952852154220,40.34482,938563,55,(0.4, 0.2, 0.9)
637497952852154220,40.35595,938563,56,(0.4, 0.2, 0.9)
637497952852154220,40.36718,938563,57,(0.5, 0.2, 0.8)
637497952852154220,40.37848,938563,58,(0.6, 0.2, 0.8)
637497952852154220,40.38944,938563,59,(0.5, 0.2, 0.8)
637497952852154220,40.4007,938563,60,(0.5, 0.2, 0.8)
637497952852154220,40.41169,938563,61,(0.5, 0.2, 0.8)
637497952852154220,40.42274,938563,62,(0.5, 0.2, 0.8)
637497952852154220,40.43432,938563,63,(0.6, 0.2, 0.8)
637497952852154220,40.44625,938563,64,(0.6, 0.2, 0.8)
637497952852154220,40.45655,938563,65,(0.5, 0.2, 0.8)
637497952852154220,40.46684,938563,66,(0.5, 0.2, 0.8)
637497952852154220,40.47832,938563,67,(0.5, 0.2, 0.8)
637497952852154220,40.48919,938563,68,(0.6, 0.2, 0.8)
637497952852154220,40.50023,938563,69,(0.6, 0.2, 0.8)
637497952852154220,40.51133,938563,70,(0.5, 0.2, 0.8)
637497952852154220,40.52258,938563,71,(0.5, 0.2, 0.8)
637497952852154220,40.53398,938563,72,(0.5, 0.2, 0.8)
637497952852154220,40.54467,938563,73,(0.5, 0.2, 0.8)
637497952852154220,40.55599,938563,74,(0.5, 0.2, 0.8)
637497952852154220,40.56708,938563,75,(0.5, 0.2, 0.8)
637497952852154220,40.57801,938563,76,(0.5, 0.2, 0.8)
637497952852154220,40.58924,938563,77,(0.5, 0.2, 0.8)
637497952852154220,40.60036,938563,78,(0.6, 0.2, 0.8)
637497952852154220,40.61179,938563,79,(0.6, 0.2, 0.8)
637497952852154220,40.62255,938563,80,(0.6, 0.2, 0.8)
637497952852154220,40.63402,938563,81,(0.6, 0.2, 0.8)
637497952852154220,40.6447,938563,82,(0.6, 0.2, 0.8)
637497952852154220,40.6559,938563,83,(0.6, 0.2, 0.8)
637497952852154220,40.66688,938563,84,(0.6, 0.2, 0.8)
637497952852154220,40.67814,938563,85,(0.6, 0.2, 0.8)
637497952852154220,40.68955,938563,86,(0.6, 0.2, 0.8)
637497952852154220,40.70049,938563,87,(0.6, 0.2, 0.8)
637497952852154220,40.71135,938563,88,(0.6, 0.2, 0.8)
637497952852154220,40.72282,938563,89,(0.6, 0.2, 0.8)
637497952852154220,40.73381,938563,90,(0.6, 0.2, 0.8)
637497952852154220,40.745,938563,91,(0.6, 0.2, 0.8)
637497952852154220,40.75609,938563,92,(0.6, 0.2, 0.8)
637497952852154220,40.76674,938563,93,(0.6, 0.2, 0.8)
637497952852154220,40.77808,938563,94,(0.6, 0.2, 0.8)
637497952852154220,40.78915,938563,95,(0.6, 0.2, 0.8)
637497952852154220,40.80038,938563,96,(0.6, 0.2, 0.8)
637497952852154220,40.81159,938563,97,(0.6, 0.2, 0.8)
637497952852154220,40.82264,938563,98,(0.6, 0.2, 0.8)
637497952852154220,40.83378,938563,99,(0.6, 0.2, 0.8)
637497952852154220,40.84504,938563,100,(0.6, 0.2, 0.8)
637497952852154220,40.85622,938563,101,(0.6, 0.2, 0.8)
637497952852154220,40.86832,938563,102,(0.6, 0.2, 0.8)
637497952852154220,40.87799,938563,103,(0.6, 0.2, 0.8)
637497952852154220,40.88923,938563,104,(0.6, 0.2, 0.8)
637497952852154220,40.90023,938563,105,(0.6, 0.2, 0.8)
637497952852154220,40.91166,938563,106,(0.6, 0.2, 0.8)
637497952852154220,40.92247,938563,107,(0.6, 0.2, 0.8)
637497952852154220,40.93357,938563,108,(0.6, 0.2, 0.8)
637497952852154220,40.94513,938563,109,(0.6, 0.2, 0.8)
637497952852154220,40.95629,938563,110,(0.6, 0.2, 0.8)
637497952852154220,40.96711,938563,111,(0.6, 0.2, 0.8)
637497952852154220,40.97837,938563,112,(0.6, 0.2, 0.8)
637497952852154220,40.98989,938563,113,(0.6, 0.2, 0.8)
637497952852154220,41.00076,938563,114,(0.6, 0.2, 0.8)
637497952852154220,41.01184,938563,115,(0.6, 0.2, 0.8)
637497952852154220,41.02274,938563,116,(0.6, 0.2, 0.7)
637497952852154220,41.03427,938563,117,(0.7, 0.2, 0.7)
637497952852154220,41.04472,938563,118,(0.7, 0.2, 0.7)
637497952852154220,41.05627,938563,119,(0.7, 0.2, 0.7)
637497952852154220,41.0678,938563,120,(0.7, 0.2, 0.7)
637497952852154220,41.07833,938563,121,(0.7, 0.2, 0.7)
637497952852154220,41.08942,938563,122,(0.7, 0.2, 0.7)
637497952852154220,41.10068,938563,123,(0.7, 0.2, 0.7)
637497952852154220,41.1118,938563,124,(0.7, 0.2, 0.7)
637497952852154220,41.12265,938563,125,(0.7, 0.2, 0.7)
637497952852154220,41.13427,938563,126,(0.7, 0.2, 0.7)
637497952852154220,41.14474,938563,127,(0.7, 0.2, 0.7)
637497952852154220,41.15641,938563,128,(0.7, 0.2, 0.7)
637497952852154220,41.16726,938563,129,(0.7, 0.2, 0.7)
637497952852154220,41.17829,938563,130,(0.7, 0.2, 0.7)
637497952852154220,41.1894,938563,131,(0.7, 0.2, 0.7)
637497952852154220,41.20206,938563,132,(0.7, 0.2, 0.7)
637497952852154220,41.21188,938563,133,(0.7, 0.2, 0.7)
637497952852154220,41.22297,938563,134,(0.7, 0.2, 0.7)
637497952852154220,41.23433,938563,135,(0.7, 0.2, 0.7)
637497952852154220,41.24476,938563,136,(0.7, 0.2, 0.7)
637497952852154220,41.2563,938563,137,(0.7, 0.2, 0.7)
637497952852154220,41.26719,938563,138,(0.7, 0.2, 0.7)
637497952852154220,41.27807,938563,139,(0.7, 0.2, 0.7)
637497952852154220,41.28952,938563,140,(0.7, 0.2, 0.7)
637497952852154220,41.30131,938563,141,(0.7, 0.2, 0.7)
637497952852154220,41.31205,938563,142,(0.7, 0.2, 0.7)
637497952852154220,41.32291,938563,143,(0.7, 0.2, 0.7)
637497952852154220,41.33415,938563,144,(0.7, 0.2, 0.7)
637497952852154220,41.34489,938563,145,(0.7, 0.2, 0.7)
637497952852154220,41.35594,938563,146,(0.7, 0.2, 0.7)
637497952852154220,41.3672,938563,147,(0.7, 0.2, 0.7)
637497952852154220,41.37811,938563,148,(0.7, 0.2, 0.7)
637497952852154220,41.3894,938563,149,(0.7, 0.2, 0.7)
637497952852154220,41.40061,938563,150,(0.7, 0.2, 0.7)
637497952852154220,41.41163,938563,151,(0.7, 0.2, 0.7)
637497952852154220,41.42289,938563,152,(0.7, 0.2, 0.7)
637497952852154220,41.43393,938563,153,(0.7, 0.2, 0.7)
637497952852154220,41.44498,938563,154,(0.7, 0.2, 0.7)
637497952852154220,41.45633,938563,155,(0.7, 0.2, 0.7)
637497952852154220,41.46816,938563,156,(0.7, 0.2, 0.7)
637497952852154220,41.47818,938563,157,(0.7, 0.2, 0.7)
637497952852154220,41.48925,938563,158,(0.7, 0.2, 0.7)
637497952852154220,41.50054,938563,159,(0.7, 0.2, 0.7)
637497952852154220,41.51121,938563,160,(0.7, 0.2, 0.7)
637497952852154220,41.52271,938563,161,(0.7, 0.2, 0.7)
637497952852154220,41.53412,938563,162,(0.7, 0.2, 0.7)
637497952852154220,41.54474,938563,163,(0.7, 0.2, 0.7)
637497952852154220,41.556,938563,164,(0.7, 0.2, 0.7)
637497952852154220,41.56698,938563,165,(0.7, 0.2, 0.7)
637497952852154220,41.57825,938563,166,(0.7, 0.2, 0.7)
637497952852154220,41.58935,938563,167,(0.7, 0.2, 0.7)
637497952852154220,41.60051,938563,168,(0.7, 0.2, 0.7)
637497952852154220,41.61161,938563,169,(0.7, 0.2, 0.7)
637497952852154220,41.62306,938563,170,(0.7, 0.2, 0.7)
637497952852154220,41.63369,938563,171,(0.7, 0.2, 0.7)
637497952852154220,41.64508,938563,172,(0.7, 0.2, 0.7)
637497952852154220,41.65583,938563,173,(0.7, 0.2, 0.7)
637497952852154220,41.66702,938563,174,(0.7, 0.2, 0.7)
637497952852154220,41.67813,938563,175,(0.7, 0.2, 0.7)
637497952852154220,41.68933,938563,176,(0.7, 0.2, 0.7)
637497952852154220,41.70047,938563,177,(0.7, 0.2, 0.7)
637497952852154220,41.71142,938563,178,(0.7, 0.2, 0.7)
637497952852154220,41.72294,938563,179,(0.7, 0.2, 0.7)
637497952852154220,41.73393,938563,180,(0.7, 0.2, 0.7)
637497952852154220,41.74465,938563,181,(0.7, 0.2, 0.7)
637497952852154220,41.75582,938563,182,(0.7, 0.2, 0.7)
637497952852154220,41.76695,938563,183,(0.7, 0.2, 0.7)
637497952852154220,41.77818,938563,184,(0.7, 0.2, 0.7)
637497952852154220,41.78925,938563,185,(0.7, 0.2, 0.7)
637497952852154220,41.80049,938563,186,(0.7, 0.2, 0.7)
637497952852154220,41.81131,938563,187,(0.7, 0.2, 0.7)
637497952852154220,41.82261,938563,188,(0.7, 0.2, 0.7)
637497952852154220,41.83387,938563,189,(0.7, 0.2, 0.7)
637497952852154220,41.84483,938563,190,(0.7, 0.2, 0.7)
637497952852154220,41.85625,938563,191,(0.7, 0.2, 0.7)
637497952852154220,41.86727,938563,192,(0.7, 0.2, 0.7)
637497952852154220,41.87838,938563,193,(0.7, 0.2, 0.7)
637497952852154220,41.88903,938563,194,(0.7, 0.2, 0.7)
637497952852154220,41.90045,938563,195,(0.7, 0.2, 0.7)
637497952852154220,41.91136,938563,196,(0.7, 0.2, 0.7)
637497952852154220,41.92257,938563,197,(0.7, 0.2, 0.7)
637497952852154220,41.934,938563,198,(0.7, 0.2, 0.7)
637497952852154220,41.9447,938563,199,(0.7, 0.2, 0.7)
637497952852154220,41.9565,938563,200,(0.7, 0.2, 0.7)
637497952852154220,41.9671,938563,201,(0.8, 0.2, 0.6)
637497952852154220,42.11937,938563,202,(0.8, 0.2, 0.6)
637497952852154220,42.12967,938563,203,(0.8, 0.2, 0.6)
637497952852154220,42.13582,938563,204,(0.8, 0.2, 0.6)
637497952852154220,42.14565,938563,205,(0.8, 0.2, 0.6)
637497952852154220,42.15593,938563,206,(0.8, 0.2, 0.6)
637497952852154220,42.16738,938563,207,(0.8, 0.2, 0.6)
637497952852154220,42.1784,938563,208,(0.8, 0.2, 0.6)
637497952852154220,42.18999,938563,209,(0.8, 0.2, 0.6)
637497952852154220,42.20126,938563,210,(0.8, 0.2, 0.6)
637497952852154220,42.2125,938563,211,(0.8, 0.2, 0.6)
637497952852154220,42.22295,938563,212,(0.8, 0.2, 0.6)
637497952852154220,42.23405,938563,213,(0.8, 0.2, 0.6)
637497952852154220,42.24499,938563,214,(0.8, 0.2, 0.6)
637497952852154220,42.25605,938563,215,(0.8, 0.2, 0.6)
637497952852154220,42.26711,938563,216,(0.8, 0.2, 0.6)
637497952852154220,42.27831,938563,217,(0.8, 0.2, 0.6)
637497952852154220,42.28931,938563,218,(0.8, 0.2, 0.6)
637497952852154220,42.30101,938563,219,(0.8, 0.2, 0.6)
637497952852154220,42.31143,938563,220,(0.8, 0.2, 0.6)
637497952852154220,42.32326,938563,221,(0.8, 0.2, 0.6)
637497952852154220,42.33421,938563,222,(0.8, 0.2, 0.6)
637497952852154220,42.3447,938563,223,(0.8, 0.2, 0.6)
637497952852154220,42.35648,938563,224,(0.8, 0.2, 0.6)
637497952852154220,42.36712,938563,225,(0.8, 0.2, 0.6)
637497952852154220,42.3785,938563,226,(0.8, 0.2, 0.6)
637497952852154220,42.3892,938563,227,(0.8, 0.2, 0.5)
637497952852154220,42.40054,938563,228,(0.8, 0.2, 0.5)
637497952852154220,42.41173,938563,229,(0.8, 0.2, 0.5)
637497952852154220,42.42277,938563,230,(0.8, 0.2, 0.5)
637497952852154220,42.43427,938563,231,(0.8, 0.2, 0.5)
637497952852154220,42.44466,938563,232,(0.8, 0.2, 0.5)
637497952852154220,42.45708,938563,233,(0.8, 0.2, 0.5)
637497952852154220,42.46763,938563,234,(0.8, 0.2, 0.5)
637497952852154220,42.4792,938563,235,(0.8, 0.2, 0.5)
637497952852154220,42.48952,938563,236,(0.8, 0.1, 0.6)
637497952852154220,42.50074,938563,237,(0.8, 0.2, 0.6)
637497952852154220,42.51158,938563,238,(0.7, 0.2, 0.7)
637497952852154220,42.52305,938563,239,(0.7, 0.2, 0.7)
637497952852154220,42.53477,938563,240,(0.7, 0.2, 0.7)
637497952852154220,42.54528,938563,241,(0.7, 0.2, 0.7)
637497952852154220,42.55641,938563,242,(0.7, 0.2, 0.7)
637497952852154220,42.568,938563,243,(0.7, 0.2, 0.7)
637497952852154220,42.57864,938563,244,(0.7, 0.2, 0.7)
637497952852154220,42.59019,938563,245,(0.7, 0.2, 0.7)
637497952852154220,42.60111,938563,246,(0.7, 0.2, 0.7)
637497952852154220,42.61206,938563,247,(0.7, 0.2, 0.7)
637497952852154220,42.62312,938563,248,(0.7, 0.2, 0.7)
637497952852154220,42.63427,938563,249,(0.7, 0.2, 0.7)
637497952852154220,42.64561,938563,250,(0.7, 0.2, 0.7)
637497952852154220,42.65657,938563,251,(0.7, 0.2, 0.7)
637497952852154220,42.66767,938563,252,(0.7, 0.2, 0.7)
637497952852154220,42.67836,938563,253,(0.7, 0.2, 0.7)
637497952852154220,42.68958,938563,254,(0.7, 0.2, 0.7)
637497952852154220,42.70068,938563,255,(0.7, 0.2, 0.7)
637497952852154220,42.71163,938563,256,(0.7, 0.2, 0.7)
637497952852154220,42.72286,938563,257,(0.7, 0.2, 0.7)
637497952852154220,42.73378,938563,258,(0.6, 0.1, 0.8)
637497952852154220,42.74496,938563,259,(0.6, 0.0, 0.8)
637497952852154220,42.7562,938563,260,(0.5, -0.2, 0.8)
637497952852154220,42.78925,938563,261,(0.5, -0.1, 0.9)
637497952852154220,42.80103,938563,262,(0.4, 0.0, 0.9)
637497952852154220,42.81146,938563,263,(0.4, 0.0, 0.9)
637497952852154220,42.8227,938563,264,(0.5, 0.1, 0.9)
637497952852154220,42.83419,938563,265,(0.5, 0.1, 0.9)
637497952852154220,42.84491,938563,266,(0.5, 0.2, 0.8)
637497952852154220,42.85607,938563,267,(0.5, 0.2, 0.9)
637497952852154220,42.86769,938563,268,(0.4, 0.2, 0.9)
637497952852154220,42.87809,938563,269,(0.5, 0.2, 0.9)
637497952852154220,42.88926,938563,270,(0.5, 0.2, 0.9)
637497952852154220,42.90055,938563,271,(0.5, 0.2, 0.9)
637497952852154220,42.91159,938563,272,(0.5, 0.2, 0.9)
637497952852154220,42.92275,938563,273,(0.5, 0.2, 0.9)
637497952852154220,42.93424,938563,274,(0.5, 0.2, 0.9)
637497952852154220,42.94488,938563,275,(0.5, 0.2, 0.9)
637497952852154220,42.9561,938563,276,(0.5, 0.2, 0.9)
637497952852154220,42.96704,938563,277,(0.5, 0.2, 0.9)
637497952852154220,42.97815,938563,278,(0.4, 0.2, 0.9)
637497952852154220,42.98933,938563,279,(0.3, 0.2, 0.9)
637497952852154220,43.00043,938563,280,(0.2, 0.3, 0.9)
637497952852154220,43.01151,938563,281,(0.2, 0.3, 0.9)
637497952852154220,43.02279,938563,282,(0.1, 0.4, 0.9)
637497952852154220,43.03402,938563,283,(0.1, 0.4, 0.9)
637497952852154220,43.04469,938563,284,(0.1, 0.4, 0.9)
637497952852154220,43.05615,938563,285,(0.1, 0.3, 0.9)
637497952852154220,43.06726,938563,286,(0.1, 0.3, 0.9)
637497952852154220,43.07819,938563,287,(0.1, 0.3, 0.9)
637497952852154220,43.08915,938563,288,(0.1, 0.3, 0.9)
637497952852154220,43.10066,938563,289,(0.1, 0.3, 0.9)
637497952852154220,43.11163,938563,290,(0.0, 0.4, 0.9)
637497952852154220,43.12264,938563,291,(0.1, 0.3, 0.9)
637497952852154220,43.13376,938563,292,(0.1, 0.3, 0.9)
637497952852154220,43.14465,938563,293,(0.1, 0.3, 0.9)
637497952852154220,43.15578,938563,294,(0.1, 0.3, 0.9)
637497952852154220,43.16714,938563,295,(0.1, 0.3, 0.9)
637497952852154220,43.17806,938563,296,(0.1, 0.3, 0.9)
637497952852154220,43.18948,938563,297,(0.1, 0.3, 0.9)
637497952852154220,43.20037,938563,298,(0.1, 0.3, 0.9)
637497952852154220,43.21171,938563,299,(0.1, 0.3, 0.9)
637497952852154220,43.22265,938563,300,(0.1, 0.3, 0.9)
637497952852154220,43.23414,938563,301,(0.1, 0.3, 0.9)
637497952852154220,43.24473,938563,302,(0.1, 0.3, 0.9)
637497952852154220,43.25613,938563,303,(0.1, 0.3, 0.9)
637497952852154220,43.26703,938563,304,(0.1, 0.3, 0.9)
637497952852154220,43.27803,938563,305,(0.1, 0.3, 0.9)
637497952852154220,43.28939,938563,306,(0.1, 0.3, 0.9)
637497952852154220,43.30056,938563,307,(0.1, 0.3, 0.9)
637497952852154220,43.3114,938563,308,(0.1, 0.3, 0.9)
637497952852154220,43.32273,938563,309,(0.0, 0.3, 0.9)
637497952852154220,43.33386,938563,310,(0.0, 0.4, 0.9)
637497952852154220,43.34477,938563,311,(0.0, 0.4, 0.9)
637497952852154220,43.35588,938563,312,(0.0, 0.4, 0.9)
637497952852154220,43.36723,938563,313,(0.0, 0.4, 0.9)
637497952852154220,43.37799,938563,314,(0.0, 0.3, 0.9)
637497952852154220,43.38963,938563,315,(0.1, 0.3, 0.9)
637497952852154220,43.40041,938563,316,(0.0, 0.3, 0.9)
637497952852154220,43.41139,938563,317,(0.0, 0.3, 0.9)
637497952852154220,43.42258,938563,318,(0.0, 0.3, 0.9)
637497952852154220,43.43362,938563,319,(0.0, 0.3, 0.9)
637497952852154220,43.44485,938563,320,(0.0, 0.3, 0.9)
637497952852154220,43.45602,938563,321,(0.0, 0.3, 0.9)
637497952852154220,43.46704,938563,322,(0.0, 0.3, 0.9)
637497952852154220,43.47839,938563,323,(0.0, 0.3, 0.9)
637497952852154220,43.48969,938563,324,(0.0, 0.3, 0.9)
637497952852154220,43.50028,938563,325,(0.0, 0.3, 0.9)
637497952852154220,43.51184,938563,326,(0.0, 0.4, 0.9)
637497952852154220,43.52301,938563,327,(0.0, 0.4, 0.9)
637497952852154220,43.53359,938563,328,(0.0, 0.4, 0.9)
637497952852154220,43.5447,938563,329,(0.0, 0.4, 0.9)
637497952852154220,43.55597,938563,330,(0.0, 0.4, 0.9)
637497952852154220,43.58115,938563,331,(0.0, 0.4, 0.9)
637497952852154220,43.59624,938563,332,(0.1, 0.3, 0.9)
637497952852154220,43.60667,938563,333,(0.1, 0.3, 0.9)
637497952852154220,43.61177,938563,334,(0.1, 0.3, 0.9)
637497952852154220,43.62252,938563,335,(0.3, 0.2, 0.9)
637497952852154220,43.6337,938563,336,(0.3, 0.2, 0.9)
637497952852154220,43.64485,938563,337,(0.4, 0.2, 0.9)
637497952852154220,43.65624,938563,338,(0.5, 0.1, 0.9)
637497952852154220,43.66742,938563,339,(0.5, 0.1, 0.9)
637497952852154220,43.6789,938563,340,(0.5, 0.0, 0.9)
637497952852154220,43.68929,938563,341,(0.5, 0.0, 0.8)
637497952852154220,43.70058,938563,342,(0.5, 0.0, 0.8)
637497952852154220,43.71264,938563,343,(0.6, 0.0, 0.8)
637497952852154220,43.72296,938563,344,(0.6, 0.0, 0.8)
637497952852154220,43.73403,938563,345,(0.6, 0.0, 0.8)
637497952852154220,43.74505,938563,346,(0.6, 0.0, 0.8)
637497952852154220,43.75646,938563,347,(0.5, 0.0, 0.8)
637497952852154220,43.76765,938563,348,(0.5, 0.0, 0.8)
637497952852154220,43.77849,938563,349,(0.5, 0.0, 0.8)
637497952852154220,43.78967,938563,350,(0.5, 0.0, 0.8)
637497952852154220,43.80087,938563,351,(0.5, 0.0, 0.8)
637497952852154220,43.81179,938563,352,(0.5, 0.0, 0.8)
637497952852154220,43.82301,938563,353,(0.5, 0.0, 0.8)
637497952852154220,43.83432,938563,354,(0.5, 0.0, 0.8)
637497952852154220,43.84518,938563,355,(0.5, 0.0, 0.8)
637497952852154220,43.85696,938563,356,(0.5, 0.0, 0.8)
637497952852154220,43.8676,938563,357,(0.5, 0.0, 0.8)
637497952852154220,43.87839,938563,358,(0.5, 0.0, 0.8)
637497952852154220,43.88953,938563,359,(0.5, 0.0, 0.8)
637497952852154220,43.90051,938563,360,(0.5, 0.0, 0.8)
637497952852154220,43.91142,938563,361,(0.5, 0.0, 0.8)
637497952852154220,43.9229,938563,362,(0.6, 0.0, 0.8)
637497952852154220,43.93378,938563,363,(0.6, 0.0, 0.8)
637497952852154220,43.94504,938563,364,(0.6, 0.1, 0.8)
637497952852154220,43.95631,938563,365,(0.5, 0.1, 0.8)
637497952852154220,43.96759,938563,366,(0.5, 0.1, 0.8)
637497952852154220,43.9786,938563,367,(0.5, 0.2, 0.8)
637497952852154220,43.98968,938563,368,(0.5, 0.2, 0.8)
637497952852154220,44.00076,938563,369,(0.5, 0.2, 0.8)
637497952852154220,44.01157,938563,370,(0.6, 0.2, 0.8)
637497952852154220,44.02291,938563,371,(0.6, 0.2, 0.8)
637497952852154220,44.03421,938563,372,(0.6, 0.2, 0.8)
637497952852154220,44.04529,938563,373,(0.6, 0.2, 0.8)
637497952852154220,44.0561,938563,374,(0.5, 0.2, 0.8)
637497952852154220,44.06758,938563,375,(0.5, 0.2, 0.8)
637497952852154220,44.07834,938563,376,(0.5, 0.2, 0.8)
637497952852154220,44.0896,938563,377,(0.5, 0.2, 0.8)
637497952852154220,44.10084,938563,378,(0.5, 0.2, 0.8)
637497952852154220,44.11171,938563,379,(0.5, 0.2, 0.8)
637497952852154220,44.12292,938563,380,(0.5, 0.2, 0.8)
637497952852154220,44.13423,938563,381,(0.5, 0.2, 0.8)
637497952852154220,44.14553,938563,382,(0.5, 0.2, 0.8)
637497952852154220,44.15615,938563,383,(0.5, 0.2, 0.8)
637497952852154220,44.16727,938563,384,(0.5, 0.2, 0.8)
637497952852154220,44.1787,938563,385,(0.5, 0.2, 0.8)
637497952852154220,44.18994,938563,386,(0.5, 0.1, 0.8)
637497952852154220,44.20063,938563,387,(0.5, 0.1, 0.8)
637497952852154220,44.21254,938563,388,(0.5, 0.0, 0.9)
637497952852154220,44.22305,938563,389,(0.5, 0.0, 0.9)
637497952852154220,44.23436,938563,390,(0.5, -0.1, 0.9)
637497952852154220,44.24512,938563,391,(0.5, -0.1, 0.9)
637497952852154220,44.25621,938563,392,(0.5, -0.1, 0.8)
637497952852154220,44.26735,938563,393,(0.5, -0.1, 0.8)
637497952852154220,44.27837,938563,394,(0.5, -0.1, 0.8)
637497952852154220,44.28954,938563,395,(0.5, -0.1, 0.8)
637497952852154220,44.30128,938563,396,(0.5, -0.1, 0.8)
637497952852154220,44.31151,938563,397,(0.5, -0.1, 0.8)
637497952852154220,44.32316,938563,398,(0.5, -0.1, 0.8)
637497952852154220,44.33392,938563,399,(0.5, -0.1, 0.8)
637497952852154220,44.34539,938563,400,(0.5, -0.1, 0.8)
637497952852154220,44.35658,938563,401,(0.6, 0.0, 0.8)
637497952852154220,44.52557,938563,402,(0.6, 0.0, 0.8)
637497952852154220,44.53721,938563,403,(0.6, 0.0, 0.8)
637497952852154220,44.54527,938563,404,(0.6, 0.0, 0.8)
637497952852154220,44.55636,938563,405,(0.6, 0.0, 0.8)
637497952852154220,44.56778,938563,406,(0.6, 0.0, 0.8)
637497952852154220,44.57906,938563,407,(0.6, 0.0, 0.8)
637497952852154220,44.58945,938563,408,(0.6, 0.0, 0.8)
637497952852154220,44.60087,938563,409,(0.6, 0.0, 0.8)
637497952852154220,44.61206,938563,410,(0.6, 0.0, 0.8)
637497952852154220,44.62326,938563,411,(0.6, 0.0, 0.8)
637497952852154220,44.63386,938563,412,(0.6, 0.0, 0.8)
637497952852154220,44.64519,938563,413,(0.6, 0.0, 0.8)
637497952852154220,44.65649,938563,414,(0.6, 0.0, 0.8)
637497952852154220,44.66772,938563,415,(0.6, 0.0, 0.8)
637497952852154220,44.67873,938563,416,(0.6, 0.0, 0.8)
637497952852154220,44.69048,938563,417,(0.7, 0.1, 0.7)
637497952852154220,44.70076,938563,418,(0.7, 0.1, 0.7)
637497952852154220,44.71209,938563,419,(0.7, 0.1, 0.7)
637497952852154220,44.72328,938563,420,(0.7, 0.1, 0.7)
637497952852154220,44.73439,938563,421,(0.7, 0.1, 0.7)
637497952852154220,44.74529,938563,422,(0.7, 0.1, 0.7)
637497952852154220,44.7563,938563,423,(0.7, 0.1, 0.7)
637497952852154220,44.76759,938563,424,(0.7, 0.1, 0.7)
637497952852154220,44.77845,938563,425,(0.7, 0.1, 0.7)
637497952852154220,44.78975,938563,426,(0.7, 0.1, 0.7)
637497952852154220,44.80094,938563,427,(0.7, 0.1, 0.7)
637497952852154220,44.81179,938563,428,(0.7, 0.1, 0.7)
637497952852154220,44.82323,938563,429,(0.7, 0.1, 0.7)
637497952852154220,44.83438,938563,430,(0.7, 0.1, 0.7)
637497952852154220,44.84498,938563,431,(0.7, 0.1, 0.7)
637497952852154220,44.85676,938563,432,(0.7, 0.1, 0.7)
637497952852154220,44.86901,938563,433,(0.7, 0.1, 0.7)
637497952852154220,44.87815,938563,434,(0.7, 0.1, 0.7)
637497952852154220,44.88932,938563,435,(0.7, 0.1, 0.7)
637497952852154220,44.90097,938563,436,(0.7, 0.1, 0.7)
637497952852154220,44.91169,938563,437,(0.7, 0.1, 0.7)
637497952852154220,44.92327,938563,438,(0.7, 0.1, 0.7)
637497952852154220,44.93435,938563,439,(0.7, 0.1, 0.7)
637497952852154220,44.94498,938563,440,(0.8, 0.0, 0.6)
637497952852154220,44.95609,938563,441,(0.8, 0.1, 0.6)
637497952852154220,44.9687,938563,442,(0.8, 0.1, 0.6)
637497952852154220,44.97827,938563,443,(0.8, 0.0, 0.6)
637497952852154220,44.98967,938563,444,(0.8, 0.0, 0.6)
637497952852154220,45.00073,938563,445,(0.8, 0.0, 0.6)
637497952852154220,45.01172,938563,446,(0.8, 0.0, 0.6)
637497952852154220,45.02283,938563,447,(0.8, 0.0, 0.6)
637497952852154220,45.03415,938563,448,(0.8, 0.0, 0.6)
637497952852154220,45.04504,938563,449,(0.8, 0.0, 0.6)
637497952852154220,45.05654,938563,450,(0.8, 0.0, 0.6)
637497952852154220,45.06773,938563,451,(0.8, 0.0, 0.6)
637497952852154220,45.07841,938563,452,(0.8, 0.0, 0.6)
637497952852154220,45.0895,938563,453,(0.8, 0.0, 0.6)
637497952852154220,45.10111,938563,454,(0.8, 0.0, 0.6)
637497952852154220,45.11195,938563,455,(0.8, 0.0, 0.6)
637497952852154220,45.12321,938563,456,(0.8, 0.0, 0.6)
637497952852154220,45.13404,938563,457,(0.8, 0.0, 0.6)
637497952852154220,45.14552,938563,458,(0.8, 0.0, 0.6)
637497952852154220,45.1562,938563,459,(0.8, 0.0, 0.6)
637497952852154220,45.16718,938563,460,(0.8, 0.0, 0.6)
637497952852154220,45.17868,938563,461,(0.8, 0.0, 0.6)
637497952852154220,45.18948,938563,462,(0.8, 0.0, 0.6)
637497952852154220,45.20073,938563,463,(0.8, 0.0, 0.6)
637497952852154220,45.2116,938563,464,(0.8, 0.0, 0.6)
637497952852154220,45.2231,938563,465,(0.8, 0.0, 0.6)
637497952852154220,45.23405,938563,466,(0.8, 0.0, 0.6)
637497952852154220,45.24514,938563,467,(0.8, 0.0, 0.6)
637497952852154220,45.25611,938563,468,(0.8, 0.0, 0.6)
637497952852154220,45.26754,938563,469,(0.8, 0.0, 0.6)
637497952852154220,45.27833,938563,470,(0.8, 0.0, 0.6)
637497952852154220,45.28951,938563,471,(0.8, 0.0, 0.6)
637497952852154220,45.30126,938563,472,(0.8, 0.1, 0.6)
637497952852154220,45.31175,938563,473,(0.8, 0.1, 0.6)
637497952852154220,45.32321,938563,474,(0.8, 0.1, 0.6)
637497952852154220,45.33397,938563,475,(0.8, 0.1, 0.6)
637497952852154220,45.34492,938563,476,(0.8, 0.0, 0.6)
637497952852154220,45.35652,938563,477,(0.7, 0.0, 0.7)
637497952852154220,45.36779,938563,478,(0.7, 0.0, 0.7)
637497952852154220,45.37825,938563,479,(0.7, 0.0, 0.7)
637497952852154220,45.38948,938563,480,(0.7, 0.0, 0.7)
637497952852154220,45.40063,938563,481,(0.7, 0.0, 0.7)
637497952852154220,45.41175,938563,482,(0.7, 0.0, 0.7)
637497952852154220,45.42339,938563,483,(0.7, 0.0, 0.7)
637497952852154220,45.43406,938563,484,(0.7, 0.0, 0.7)
637497952852154220,45.44542,938563,485,(0.7, 0.0, 0.7)
637497952852154220,45.45676,938563,486,(0.7, 0.0, 0.7)
637497952852154220,45.4677,938563,487,(0.7, 0.0, 0.7)
637497952852154220,45.47834,938563,488,(0.7, 0.0, 0.7)
637497952852154220,45.48944,938563,489,(0.7, 0.0, 0.7)
637497952852154220,45.50087,938563,490,(0.7, 0.0, 0.7)
637497952852154220,45.51208,938563,491,(0.7, 0.0, 0.7)
637497952852154220,45.52302,938563,492,(0.7, -0.1, 0.7)
637497952852154220,45.5345,938563,493,(0.7, 0.0, 0.7)
637497952852154220,45.54503,938563,494,(0.7, 0.0, 0.7)
637497952852154220,45.5561,938563,495,(0.7, 0.0, 0.7)
637497952852154220,45.56749,938563,496,(0.7, 0.0, 0.7)
637497952852154220,45.57858,938563,497,(0.7, -0.1, 0.8)
637497952852154220,45.58975,938563,498,(0.5, 0.0, 0.8)
637497952852154220,45.60059,938563,499,(0.5, 0.0, 0.9)
637497952852154220,45.61177,938563,500,(0.5, 0.0, 0.9)
637497952852154220,45.62297,938563,501,(0.4, 0.0, 0.9)
637497952852154220,45.63374,938563,502,(0.4, 0.0, 0.9)
637497952852154220,45.64505,938563,503,(0.4, 0.0, 0.9)
637497952852154220,45.65648,938563,504,(0.4, 0.0, 0.9)
637497952852154220,45.66781,938563,505,(0.4, 0.0, 0.9)
637497952852154220,45.67838,938563,506,(0.4, 0.0, 0.9)
637497952852154220,45.6897,938563,507,(0.4, 0.0, 0.9)
637497952852154220,45.70099,938563,508,(0.4, 0.0, 0.9)
637497952852154220,45.71196,938563,509,(0.4, 0.0, 0.9)
637497952852154220,45.72377,938563,510,(0.4, 0.0, 0.9)
637497952852154220,45.73372,938563,511,(0.4, 0.0, 0.9)
637497952852154220,45.74568,938563,512,(0.4, 0.0, 0.9)
637497952852154220,45.75645,938563,513,(0.4, 0.0, 0.9)
637497952852154220,45.7678,938563,514,(0.4, 0.0, 0.9)
637497952852154220,45.77831,938563,515,(0.4, 0.0, 0.9)
637497952852154220,45.78952,938563,516,(0.4, 0.0, 0.9)
637497952852154220,45.80088,938563,517,(0.4, 0.0, 0.9)
637497952852154220,45.81147,938563,518,(0.4, 0.0, 0.9)
637497952852154220,45.82335,938563,519,(0.4, 0.0, 0.9)
637497952852154220,45.8342,938563,520,(0.4, 0.0, 0.9)
637497952852154220,45.84484,938563,521,(0.4, 0.0, 0.9)
637497952852154220,45.85698,938563,522,(0.4, 0.0, 0.9)
637497952852154220,45.86774,938563,523,(0.4, 0.0, 0.9)
637497952852154220,45.8786,938563,524,(0.4, 0.0, 0.9)
637497952852154220,45.8899,938563,525,(0.4, 0.0, 0.9)
637497952852154220,45.90048,938563,526,(0.4, 0.0, 0.9)
637497952852154220,45.91163,938563,527,(0.4, 0.0, 0.9)
637497952852154220,45.9235,938563,528,(0.4, 0.0, 0.9)
637497952852154220,45.93451,938563,529,(0.4, 0.1, 0.9)
637497952852154220,45.94533,938563,530,(0.4, 0.0, 0.9)
637497952852154220,45.95641,938563,531,(0.4, 0.0, 0.9)
637497952852154220,45.96743,938563,532,(0.4, 0.0, 0.9)
637497952852154220,45.97911,938563,533,(0.4, 0.0, 0.9)
637497952852154220,45.98944,938563,534,(0.4, 0.1, 0.9)
637497952852154220,46.00072,938563,535,(0.4, 0.1, 0.9)
637497952852154220,46.0118,938563,536,(0.4, 0.1, 0.9)
637497952852154220,46.02317,938563,537,(0.4, 0.1, 0.9)
637497952852154220,46.03374,938563,538,(0.4, 0.1, 0.9)
637497952852154220,46.04523,938563,539,(0.4, 0.1, 0.9)
637497952852154220,46.05629,938563,540,(0.4, 0.1, 0.9)
637497952852154220,46.06785,938563,541,(0.4, 0.0, 0.9)
637497952852154220,46.07878,938563,542,(0.4, 0.1, 0.9)
637497952852154220,46.08949,938563,543,(0.4, 0.1, 0.9)
637497952852154220,46.10064,938563,544,(0.4, 0.1, 0.9)
637497952852154220,46.11187,938563,545,(0.4, 0.1, 0.9)
637497952852154220,46.12366,938563,546,(0.4, 0.1, 0.9)
637497952852154220,46.13465,938563,547,(0.4, 0.1, 0.9)
637497952852154220,46.145,938563,548,(0.4, 0.1, 0.9)
637497952852154220,46.15611,938563,549,(0.4, 0.1, 0.9)
637497952852154220,46.16767,938563,550,(0.4, 0.1, 0.9)
637497952852154220,46.17824,938563,551,(0.4, 0.1, 0.9)
637497952852154220,46.18951,938563,552,(0.4, 0.1, 0.9)
637497952852154220,46.20094,938563,553,(0.4, 0.1, 0.9)
637497952852154220,46.21183,938563,554,(0.4, 0.1, 0.9)
637497952852154220,46.22393,938563,555,(0.4, 0.1, 0.9)
637497952852154220,46.23455,938563,556,(0.4, 0.1, 0.9)
637497952852154220,46.24549,938563,557,(0.4, 0.1, 0.9)
637497952852154220,46.25644,938563,558,(0.4, 0.1, 0.9)
637497952852154220,46.26822,938563,559,(0.4, 0.0, 0.9)
637497952852154220,46.27871,938563,560,(0.5, 0.0, 0.9)
637497952852154220,46.28992,938563,561,(0.6, 0.0, 0.8)
637497952852154220,46.30117,938563,562,(0.6, 0.0, 0.8)
637497952852154220,46.31161,938563,563,(0.6, 0.0, 0.8)
637497952852154220,46.32366,938563,564,(0.6, 0.0, 0.8)
637497952852154220,46.33465,938563,565,(0.6, 0.0, 0.8)
637497952852154220,46.34524,938563,566,(0.6, 0.0, 0.8)
637497952852154220,46.3564,938563,567,(0.6, 0.0, 0.8)
637497952852154220,46.36774,938563,568,(0.6, 0.0, 0.8)
637497952852154220,46.37896,938563,569,(0.6, 0.0, 0.8)
637497952852154220,46.39003,938563,570,(0.6, 0.0, 0.8)
637497952852154220,46.4014,938563,571,(0.6, 0.0, 0.8)
637497952852154220,46.41208,938563,572,(0.6, 0.0, 0.8)
637497952852154220,46.42321,938563,573,(0.6, 0.0, 0.8)
637497952852154220,46.43427,938563,574,(0.6, 0.0, 0.8)
637497952852154220,46.44518,938563,575,(0.6, 0.0, 0.8)
637497952852154220,46.45662,938563,576,(0.6, 0.0, 0.8)
637497952852154220,46.46739,938563,577,(0.6, 0.0, 0.8)
637497952852154220,46.4789,938563,578,(0.6, 0.0, 0.8)
637497952852154220,46.48967,938563,579,(0.6, 0.0, 0.8)
637497952852154220,46.50157,938563,580,(0.6, 0.0, 0.8)
637497952852154220,46.51162,938563,581,(0.6, 0.0, 0.8)
637497952852154220,46.52316,938563,582,(0.6, 0.0, 0.8)
637497952852154220,46.5341,938563,583,(0.6, 0.0, 0.8)
637497952852154220,46.5453,938563,584,(0.6, 0.0, 0.8)
637497952852154220,46.5562,938563,585,(0.6, 0.0, 0.8)
637497952852154220,46.56741,938563,586,(0.6, 0.0, 0.8)
637497952852154220,46.57838,938563,587,(0.6, 0.0, 0.8)
637497952852154220,46.58937,938563,588,(0.6, 0.0, 0.8)
637497952852154220,46.60071,938563,589,(0.6, 0.0, 0.8)
637497952852154220,46.61173,938563,590,(0.6, 0.0, 0.8)
637497952852154220,46.62281,938563,591,(0.6, 0.0, 0.8)
637497952852154220,46.6341,938563,592,(0.6, 0.0, 0.8)
637497952852154220,46.64502,938563,593,(0.6, 0.0, 0.8)
637497952852154220,46.65626,938563,594,(0.6, 0.0, 0.8)
637497952852154220,46.66758,938563,595,(0.6, 0.0, 0.8)
637497952852154220,46.6785,938563,596,(0.6, 0.0, 0.8)
637497952852154220,46.68954,938563,597,(0.6, 0.0, 0.8)
637497952852154220,46.7006,938563,598,(0.6, 0.0, 0.8)
637497952852154220,46.71211,938563,599,(0.6, 0.0, 0.8)
637497952852154220,46.72361,938563,600,(0.6, 0.0, 0.8)
637497952852154220,46.73434,938563,601,(0.6, 0.0, 0.8)
637497952852154220,46.87593,938563,602,(0.6, 0.0, 0.8)
637497952852154220,46.8863,938563,603,(0.6, 0.0, 0.8)
637497952852154220,46.89319,938563,604,(0.6, 0.0, 0.8)
637497952852154220,46.90049,938563,605,(0.6, 0.0, 0.8)
637497952852154220,46.9117,938563,606,(0.6, 0.0, 0.8)
637497952852154220,46.92316,938563,607,(0.6, 0.0, 0.8)
637497952852154220,46.93416,938563,608,(0.6, 0.0, 0.8)
637497952852154220,46.94541,938563,609,(0.6, 0.0, 0.8)
637497952852154220,46.95634,938563,610,(0.6, 0.0, 0.8)
637497952852154220,46.9684,938563,611,(0.6, 0.0, 0.8)
637497952852154220,46.9785,938563,612,(0.6, 0.0, 0.8)
637497952852154220,46.98973,938563,613,(0.6, 0.0, 0.8)
637497952852154220,47.00126,938563,614,(0.6, 0.0, 0.8)
637497952852154220,47.01178,938563,615,(0.6, 0.0, 0.8)
637497952852154220,47.02305,938563,616,(0.6, 0.0, 0.8)
637497952852154220,47.03452,938563,617,(0.6, 0.0, 0.8)
637497952852154220,47.04504,938563,618,(0.6, 0.0, 0.8)
637497952852154220,47.0563,938563,619,(0.6, 0.0, 0.8)
637497952852154220,47.06741,938563,620,(0.6, 0.0, 0.8)
637497952852154220,47.07838,938563,621,(0.6, 0.0, 0.8)
637497952852154220,47.08935,938563,622,(0.6, 0.0, 0.8)
637497952852154220,47.10075,938563,623,(0.5, 0.0, 0.8)
637497952852154220,47.11166,938563,624,(0.6, 0.0, 0.8)
637497952852154220,47.12338,938563,625,(0.5, 0.0, 0.8)
637497952852154220,47.1343,938563,626,(0.6, -0.1, 0.8)
637497952852154220,47.14499,938563,627,(0.6, -0.1, 0.8)
637497952852154220,47.15622,938563,628,(0.5, -0.2, 0.9)
637497952852154220,47.16724,938563,629,(0.5, -0.5, 0.7)
637497952852154220,47.17844,938563,630,(0.5, -0.1, 0.9)
637497952852154220,47.19029,938563,631,(0.5, -0.1, 0.9)
637497952852154220,47.20059,938563,632,(0.5, -0.1, 0.9)
637497952852154220,47.21231,938563,633,(0.6, 0.0, 0.8)
637497952852154220,47.22284,938563,634,(0.6, 0.0, 0.8)
637497952852154220,47.23445,938563,635,(0.6, 0.0, 0.8)
637497952852154220,47.24534,938563,636,(0.6, 0.0, 0.8)
637497952852154220,47.25613,938563,637,(0.6, 0.1, 0.8)
637497952852154220,47.26725,938563,638,(0.6, 0.1, 0.8)
637497952852154220,47.27832,938563,639,(0.6, 0.1, 0.8)
637497952852154220,47.2898,938563,640,(0.6, 0.0, 0.8)
637497952852154220,47.30065,938563,641,(0.6, 0.0, 0.8)
637497952852154220,47.3117,938563,642,(0.6, 0.1, 0.8)
637497952852154220,47.32314,938563,643,(0.6, 0.1, 0.8)
637497952852154220,47.33419,938563,644,(0.6, 0.1, 0.8)
637497952852154220,47.34555,938563,645,(0.6, 0.1, 0.8)
637497952852154220,47.35611,938563,646,(0.6, 0.1, 0.8)
637497952852154220,47.36734,938563,647,(0.6, 0.1, 0.8)
637497952852154220,47.37912,938563,648,(0.6, 0.1, 0.8)
637497952852154220,47.38977,938563,649,(0.6, 0.1, 0.8)
637497952852154220,47.40088,938563,650,(0.6, 0.1, 0.8)
637497952852154220,47.41217,938563,651,(0.6, 0.1, 0.8)
637497952852154220,47.42316,938563,652,(0.6, 0.1, 0.8)
637497952852154220,47.4344,938563,653,(0.5, 0.1, 0.8)
637497952852154220,47.44482,938563,654,(0.5, 0.1, 0.8)
637497952852154220,47.45645,938563,655,(0.5, 0.1, 0.8)
637497952852154220,47.46734,938563,656,(0.5, 0.1, 0.8)
637497952852154220,47.47938,938563,657,(0.5, 0.1, 0.8)
637497952852154220,47.48981,938563,658,(0.6, 0.1, 0.8)
637497952852154220,47.50116,938563,659,(0.6, 0.1, 0.8)
637497952852154220,47.51258,938563,660,(0.5, 0.1, 0.8)
637497952852154220,47.52353,938563,661,(0.5, 0.1, 0.8)
637497952852154220,47.53392,938563,662,(0.5, 0.1, 0.8)
637497952852154220,47.54535,938563,663,(0.5, 0.1, 0.8)
637497952852154220,47.5565,938563,664,(0.5, 0.1, 0.8)
637497952852154220,47.56796,938563,665,(0.5, 0.1, 0.8)
637497952852154220,47.57846,938563,666,(0.5, 0.1, 0.8)
637497952852154220,47.58957,938563,667,(0.5, 0.1, 0.8)
637497952852154220,47.60142,938563,668,(0.5, 0.1, 0.8)
637497952852154220,47.61162,938563,669,(0.5, 0.1, 0.8)
637497952852154220,47.62313,938563,670,(0.5, 0.1, 0.8)
637497952852154220,47.63441,938563,671,(0.5, 0.1, 0.8)
637497952852154220,47.64512,938563,672,(0.5, 0.1, 0.8)
637497952852154220,47.65673,938563,673,(0.5, 0.1, 0.8)
637497952852154220,47.66732,938563,674,(0.5, 0.1, 0.8)
637497952852154220,47.67867,938563,675,(0.5, 0.1, 0.8)
637497952852154220,47.68991,938563,676,(0.5, 0.1, 0.8)
637497952852154220,47.7007,938563,677,(0.5, 0.1, 0.8)
637497952852154220,47.71206,938563,678,(0.5, 0.1, 0.8)
637497952852154220,47.72324,938563,679,(0.5, 0.1, 0.8)
637497952852154220,47.73483,938563,680,(0.5, 0.1, 0.8)
637497952852154220,47.74541,938563,681,(0.5, 0.1, 0.8)
637497952852154220,47.7565,938563,682,(0.5, 0.1, 0.8)
637497952852154220,47.76809,938563,683,(0.6, 0.1, 0.8)
637497952852154220,47.7785,938563,684,(0.5, 0.1, 0.8)
637497952852154220,47.78976,938563,685,(0.5, 0.1, 0.8)
637497952852154220,47.80107,938563,686,(0.5, 0.1, 0.8)
637497952852154220,47.8123,938563,687,(0.5, 0.1, 0.8)
637497952852154220,47.82339,938563,688,(0.5, 0.1, 0.8)
637497952852154220,47.83444,938563,689,(0.5, 0.1, 0.8)
637497952852154220,47.84515,938563,690,(0.5, 0.1, 0.8)
637497952852154220,47.85704,938563,691,(0.5, 0.1, 0.8)
637497952852154220,47.86834,938563,692,(0.5, 0.1, 0.8)
637497952852154220,47.87857,938563,693,(0.5, 0.1, 0.8)
637497952852154220,47.88977,938563,694,(0.5, 0.1, 0.8)
637497952852154220,47.9009,938563,695,(0.5, 0.1, 0.8)
637497952852154220,47.91157,938563,696,(0.5, 0.1, 0.8)
637497952852154220,47.9233,938563,697,(0.5, 0.1, 0.8)
637497952852154220,47.93474,938563,698,(0.5, 0.1, 0.8)
637497952852154220,47.94536,938563,699,(0.5, 0.1, 0.8)
637497952852154220,47.95624,938563,700,(0.5, 0.1, 0.8)
637497952852154220,47.96819,938563,701,(0.5, 0.1, 0.8)
637497952852154220,47.97904,938563,702,(0.5, 0.1, 0.8)
637497952852154220,47.98974,938563,703,(0.5, 0.1, 0.8)
637497952852154220,48.00078,938563,704,(0.5, 0.1, 0.8)
637497952852154220,48.01253,938563,705,(0.5, 0.1, 0.8)
637497952852154220,48.02287,938563,706,(0.5, 0.1, 0.8)
637497952852154220,48.03413,938563,707,(0.5, 0.1, 0.8)
637497952852154220,48.04568,938563,708,(0.5, 0.1, 0.8)
637497952852154220,48.05626,938563,709,(0.5, 0.1, 0.8)
637497952852154220,48.06715,938563,710,(0.6, 0.1, 0.8)
637497952852154220,48.07832,938563,711,(0.6, 0.1, 0.8)
637497952852154220,48.08971,938563,712,(0.6, 0.1, 0.8)
637497952852154220,48.10097,938563,713,(0.6, 0.1, 0.8)
637497952852154220,48.11179,938563,714,(0.6, 0.1, 0.8)
637497952852154220,48.1237,938563,715,(0.6, 0.1, 0.8)
637497952852154220,48.13488,938563,716,(0.6, 0.1, 0.8)