637852227118578904,1649625911.85789,938563,1,(0.0, 0.5, 0.9)
637852227118668906,1649625911.86689,938563,2,(0.0, 0.5, 0.9)
637852227118778906,1649625911.87789,938563,3,(0.0, 0.5, 0.9)
637852227118928901,1649625911.89289,938563,4,(0.0, 0.5, 0.9)
637852227119008905,1649625911.90089,938563,5,(0.0, 0.5, 0.8)
637852227119118899,1649625911.91189,938563,6,(0.0, 0.5, 0.9)
637852227119228905,1649625911.92289,938563,7,(0.0, 0.5, 0.8)
637852227119338907,1649625911.93389,938563,8,(0.0, 0.5, 0.8)
637852227119448905,1649625911.94489,938563,9,(0.0, 0.5, 0.8)
637852227119558906,1649625911.95589,938563,10,(0.0, 0.5, 0.8)
637852227119668909,1649625911.96689,938563,11,(0.0, 0.5, 0.8)
637852227119778908,1649625911.97789,938563,12,(0.0, 0.5, 0.8)
637852227119898902,1649625911.98989,938563,13,(0.0, 0.5, 0.8)
637852227119998906,1649625911.99989,938563,14,(0.0, 0.5, 0.8)
637852227120118906,1649625912.01189,938563,15,(0.0, 0.5, 0.8)
637852227120228898,1649625912.02289,938563,16,(0.0, 0.5, 0.8)
637852227120338905,1649625912.03389,938563,17,(0.0, 0.5, 0.8)
637852227120438903,1649625912.04389,938563,18,(0.0, 0.5, 0.8)
637852227120568905,1649625912.05689,938563,19,(0.0, 0.5, 0.8)
637852227120668898,1649625912.06689,938563,20,(0.0, 0.5, 0.8)
637852227120778904,1649625912.07789,938563,21,(0.0, 0.5, 0.8)
637852227120888893,1649625912.08889,938563,22,(0.0, 0.5, 0.9)
637852227120998906,1649625912.09989,938563,23,(0.0, 0.5, 0.9)
637852227121108897,1649625912.11089,938563,24,(0.0, 0.5, 0.9)
637852227121228905,1649625912.12289,938563,25,(0.0, 0.5, 0.9)
637852227121338905,1649625912.13389,938563,26,(0.0, 0.5, 0.9)
637852227121448892,1649625912.14489,938563,27,(0.0, 0.5, 0.9)
637852227121558904,1649625912.15589,938563,28,(0.0, 0.5, 0.9)
637852227121668900,1649625912.16689,938563,29,(0.0, 0.5, 0.9)
637852227121778904,1649625912.17789,938563,30,(0.0, 0.5, 0.9)
637852227121888904,1649625912.18889,938563,31,(0.0, 0.5, 0.9)
637852227121998894,1649625912.19989,938563,32,(0.0, 0.5, 0.8)
637852227122118919,1649625912.21189,938563,33,(0.0, 0.5, 0.8)
637852227122228904,1649625912.22289,938563,34,(0.0, 0.5, 0.8)
637852227122338894,1649625912.23389,938563,35,(0.0, 0.5, 0.8)
637852227122448901,1649625912.24489,938563,36,(0.0, 0.5, 0.8)
637852227122558904,1649625912.25589,938563,37,(0.0, 0.5, 0.8)
637852227122668910,1649625912.26689,938563,38,(0.0, 0.5, 0.8)
637852227122778895,1649625912.27789,938563,39,(0.0, 0.5, 0.8)
637852227122888901,1649625912.28889,938563,40,(0.0, 0.5, 0.8)
637852227122998901,1649625912.29989,938563,41,(0.0, 0.5, 0.8)
637852227123118920,1649625912.31189,938563,42,(0.0, 0.5, 0.9)
637852227123228902,1649625912.32289,938563,43,(0.0, 0.5, 0.9)
637852227123338902,1649625912.33389,938563,44,(0.0, 0.5, 0.9)
637852227123478894,1649625912.34789,938563,45,(0.0, 0.5, 0.8)
637852227123568901,1649625912.35689,938563,46,(0.0, 0.5, 0.8)
637852227123668894,1649625912.36689,938563,47,(0.0, 0.5, 0.8)
637852227123778902,1649625912.37789,938563,48,(0.0, 0.5, 0.8)
637852227123888901,1649625912.38889,938563,49,(0.0, 0.5, 0.8)
637852227123998893,1649625912.39989,938563,50,(0.0, 0.5, 0.8)
637852227124108895,1649625912.41089,938563,51,(0.0, 0.5, 0.8)
637852227124228901,1649625912.42289,938563,52,(0.0, 0.5, 0.8)
637852227124338900,1649625912.43389,938563,53,(0.0, 0.5, 0.9)
637852227124448900,1649625912.44489,938563,54,(0.0, 0.5, 0.9)
637852227124558902,1649625912.45589,938563,55,(0.0, 0.5, 0.9)
637852227124668902,1649625912.46689,938563,56,(0.0, 0.5, 0.9)
637852227124778901,1649625912.47789,938563,57,(0.0, 0.5, 0.8)
637852227124898900,1649625912.48989,938563,58,(0.0, 0.5, 0.8)
637852227124998896,1649625912.49989,938563,59,(0.0, 0.5, 0.8)
637852227125118894,1649625912.51189,938563,60,(0.0, 0.5, 0.8)
637852227125228901,1649625912.52289,938563,61,(0.0, 0.5, 0.9)
637852227125328905,1649625912.53289,938563,62,(0.0, 0.5, 0.9)
637852227125448892,1649625912.54489,938563,63,(0.0, 0.5, 0.9)
637852227125558899,1649625912.55589,938563,64,(0.0, 0.5, 0.8)
637852227125668897,1649625912.56689,938563,65,(0.0, 0.5, 0.9)
637852227125778901,1649625912.57789,938563,66,(0.0, 0.5, 0.9)
637852227125888893,1649625912.58889,938563,67,(0.0, 0.5, 0.9)
637852227126008896,1649625912.60089,938563,68,(0.0, 0.5, 0.9)
637852227126118893,1649625912.61189,938563,69,(0.0, 0.5, 0.9)
637852227126228899,1649625912.62289,938563,70,(0.0, 0.5, 0.9)
637852227126338888,1649625912.63389,938563,71,(0.0, 0.5, 0.9)
637852227126448899,1649625912.64489,938563,72,(0.0, 0.5, 0.9)
637852227126558898,1649625912.65589,938563,73,(0.0, 0.5, 0.9)
637852227126668892,1649625912.66689,938563,74,(0.0, 0.5, 0.9)
637852227126788897,1649625912.67889,938563,75,(0.0, 0.5, 0.9)
637852227126888899,1649625912.68889,938563,76,(0.0, 0.5, 0.9)
637852227126998898,1649625912.69989,938563,77,(0.0, 0.5, 0.9)
637852227127118889,1649625912.71189,938563,78,(0.0, 0.5, 0.9)
637852227127228900,1649625912.72289,938563,79,(0.0, 0.5, 0.9)
637852227127338896,1649625912.73389,938563,80,(0.0, 0.5, 0.9)
637852227127448901,1649625912.74489,938563,81,(0.0, 0.5, 0.9)
637852227127558889,1649625912.75589,938563,82,(0.0, 0.5, 0.9)
637852227127668897,1649625912.76689,938563,83,(0.0, 0.5, 0.9)
637852227127778890,1649625912.77789,938563,84,(0.0, 0.5, 0.9)
637852227127898895,1649625912.78989,938563,85,(0.0, 0.5, 0.9)
637852227128038888,1649625912.80389,938563,86,(0.0, 0.5, 0.9)
637852227128118896,1649625912.81189,938563,87,(0.0, 0.5, 0.9)
637852227128228898,1649625912.82289,938563,88,(0.0, 0.5, 0.9)
637852227128338889,1649625912.83389,938563,89,(0.0, 0.5, 0.9)
637852227128448896,1649625912.84489,938563,90,(0.0, 0.5, 0.9)
637852227128558888,1649625912.85589,938563,91,(0.0, 0.5, 0.9)
637852227128668895,1649625912.86689,938563,92,(0.0, 0.5, 0.9)
637852227128788895,1649625912.87889,938563,93,(0.0, 0.5, 0.9)
637852227128888897,1649625912.88889,938563,94,(0.0, 0.5, 0.9)
637852227128998897,1649625912.89989,938563,95,(0.0, 0.5, 0.9)
637852227129118896,1649625912.91189,938563,96,(0.0, 0.5, 0.9)
637852227129228896,1649625912.92289,938563,97,(0.0, 0.5, 0.9)
637852227129338890,1649625912.93389,938563,98,(0.0, 0.5, 0.9)
637852227129448895,1649625912.94489,938563,99,(0.0, 0.5, 0.9)
637852227129568898,1649625912.95689,938563,100,(0.0, 0.5, 0.9)
637852227129668897,1649625912.96689,938563,101,(0.0, 0.5, 0.9)
637852227129778888,1649625912.97789,938563,102,(0.0, 0.5, 0.9)
637852227129898896,1649625912.98989,938563,103,(0.0, 0.5, 0.9)
637852227129998887,1649625912.99989,938563,104,(0.0, 0.5, 0.9)
637852227130108892,1649625913.01089,938563,105,(0.0, 0.5, 0.9)
637852227130228892,1649625913.02289,938563,106,(0.0, 0.5, 0.9)
637852227130338899,1649625913.03389,938563,107,(0.0, 0.5, 0.9)
637852227130448888,1649625913.04489,938563,108,(0.0, 0.5, 0.9)
637852227130558893,1649625913.05589,938563,109,(0.0, 0.5, 0.9)
637852227130668895,1649625913.06689,938563,110,(0.0, 0.5, 0.9)
637852227130778897,1649625913.07789,938563,111,(0.0, 0.5, 0.9)
637852227130898893,1649625913.08989,938563,112,(0.0, 0.5, 0.9)
637852227130998895,1649625913.09989,938563,113,(0.0, 0.5, 0.9)
637852227131118888,1649625913.11189,938563,114,(0.0, 0.5, 0.9)
637852227131228896,1649625913.12289,938563,115,(0.0, 0.5, 0.9)
637852227131338898,1649625913.13389,938563,116,(0.0, 0.5, 0.9)
637852227131448894,1649625913.14489,938563,117,(0.0, 0.5, 0.9)
637852227131558894,1649625913.15589,938563,118,(0.0, 0.5, 0.9)
637852227131668893,1649625913.16689,938563,119,(0.0, 0.5, 0.9)
637852227131788885,1649625913.17889,938563,120,(0.0, 0.5, 0.9)
637852227131888887,1649625913.18889,938563,121,(0.0, 0.4, 0.9)
637852227131998894,1649625913.19989,938563,122,(0.0, 0.3, 0.9)
637852227132118892,1649625913.21189,938563,123,(0.0, 0.3, 1.0)
637852227132228893,1649625913.22289,938563,124,(0.0, 0.2, 1.0)
637852227132338895,1649625913.23389,938563,125,(0.0, 0.3, 1.0)
637852227132448892,1649625913.24489,938563,126,(0.0, 0.3, 1.0)
637852227132588893,1649625913.25889,938563,127,(0.0, 0.3, 1.0)
637852227132668890,1649625913.26689,938563,128,(0.0, 0.3, 1.0)
637852227132778893,1649625913.27789,938563,129,(0.0, 0.3, 1.0)
637852227132888891,1649625913.28889,938563,130,(0.0, 0.3, 1.0)
637852227132998883,1649625913.29989,938563,131,(0.0, 0.2, 1.0)
637852227133118890,1649625913.31189,938563,132,(0.0, 0.2, 1.0)
637852227133228893,1649625913.32289,938563,133,(0.0, 0.2, 1.0)
637852227133338895,1649625913.33389,938563,134,(0.0, 0.2, 1.0)
637852227133448894,1649625913.34489,938563,135,(0.0, 0.2, 1.0)
637852227133558896,1649625913.35589,938563,136,(0.0, 0.2, 1.0)
637852227133668890,1649625913.36689,938563,137,(0.0, 0.2, 1.0)
637852227133778893,1649625913.37789,938563,138,(0.0, 0.2, 1.0)
637852227133888891,1649625913.38889,938563,139,(0.0, 0.3, 1.0)
637852227133998884,1649625913.39989,938563,140,(0.0, 0.2, 1.0)
637852227134118895,1649625913.41189,938563,141,(0.0, 0.2, 1.0)
637852227134228894,1649625913.42289,938563,142,(0.0, 0.2, 1.0)
637852227134338893,1649625913.43389,938563,143,(0.0, 0.2, 1.0)
637852227134448889,1649625913.44489,938563,144,(0.0, 0.2, 1.0)
637852227134558891,1649625913.45589,938563,145,(0.0, 0.2, 1.0)
637852227134668891,1649625913.46689,938563,146,(0.0, 0.2, 1.0)
637852227134778894,1649625913.47789,938563,147,(0.0, 0.2, 1.0)
637852227134898885,1649625913.48989,938563,148,(0.0, 0.1, 1.0)
637852227134998887,1649625913.49989,938563,149,(0.0, 0.1, 1.0)
637852227135118889,1649625913.51189,938563,150,(0.0, 0.1, 1.0)
637852227135229143,1649625913.52291,938563,151,(0.0, 0.1, 1.0)
637852227135338890,1649625913.53389,938563,152,(0.0, 0.1, 1.0)
637852227135448893,1649625913.54489,938563,153,(0.0, 0.1, 1.0)
637852227135558891,1649625913.55589,938563,154,(0.0, 0.1, 1.0)
637852227135668886,1649625913.56689,938563,155,(0.0, 0.1, 1.0)
637852227135778890,1649625913.57789,938563,156,(0.0, 0.1, 1.0)
637852227135888883,1649625913.58889,938563,157,(0.0, 0.1, 1.0)
637852227135998890,1649625913.59989,938563,158,(0.0, 0.1, 1.0)
637852227136118897,1649625913.61189,938563,159,(0.0, 0.1, 1.0)
637852227136228880,1649625913.62289,938563,160,(0.0, 0.1, 1.0)
637852227136338889,1649625913.63389,938563,161,(0.0, 0.1, 1.0)
637852227136448888,1649625913.64489,938563,162,(0.0, 0.1, 1.0)
637852227136558882,1649625913.65589,938563,163,(0.0, 0.1, 1.0)
637852227136668888,1649625913.66689,938563,164,(0.0, 0.1, 1.0)
637852227136778882,1649625913.67789,938563,165,(0.0, 0.1, 1.0)
637852227136898880,1649625913.68989,938563,166,(0.0, 0.1, 1.0)
637852227136998889,1649625913.69989,938563,167,(0.0, 0.1, 1.0)
637852227137138893,1649625913.71389,938563,168,(0.0, 0.1, 1.0)
637852227137228881,1649625913.72289,938563,169,(0.0, 0.1, 1.0)
637852227137338891,1649625913.73389,938563,170,(0.0, 0.1, 1.0)
637852227137448885,1649625913.74489,938563,171,(0.0, 0.1, 1.0)
637852227137568892,1649625913.75689,938563,172,(0.0, 0.1, 1.0)
637852227137678896,1649625913.76789,938563,173,(0.0, 0.1, 1.0)
637852227137778881,1649625913.77789,938563,174,(0.0, 0.1, 1.0)
637852227137888886,1649625913.78889,938563,175,(0.0, 0.1, 1.0)
637852227137998888,1649625913.79989,938563,176,(0.0, 0.1, 1.0)
637852227138108882,1649625913.81089,938563,177,(0.0, 0.1, 1.0)
637852227138228887,1649625913.82289,938563,178,(0.0, 0.1, 1.0)
637852227138338881,1649625913.83389,938563,179,(0.0, 0.1, 1.0)
637852227138448880,1649625913.84489,938563,180,(0.0, 0.1, 1.0)
637852227138558879,1649625913.85589,938563,181,(0.0, 0.1, 1.0)
637852227138668876,1649625913.86689,938563,182,(0.0, 0.1, 1.0)
637852227138778887,1649625913.87789,938563,183,(0.0, 0.1, 1.0)
637852227138888881,1649625913.88889,938563,184,(0.0, 0.1, 1.0)
637852227138998881,1649625913.89989,938563,185,(0.0, 0.1, 1.0)
637852227139118888,1649625913.91189,938563,186,(0.0, 0.1, 1.0)
637852227139228880,1649625913.92289,938563,187,(0.0, 0.1, 1.0)
637852227139338881,1649625913.93389,938563,188,(0.0, 0.1, 1.0)
637852227139448886,1649625913.94489,938563,189,(0.0, 0.1, 1.0)
637852227139558879,1649625913.95589,938563,190,(0.0, 0.1, 1.0)
637852227139668879,1649625913.96689,938563,191,(0.0, 0.1, 1.0)
637852227139778881,1649625913.97789,938563,192,(0.0, 0.1, 1.0)
637852227139888880,1649625913.98889,938563,193,(0.0, 0.1, 1.0)
637852227139998875,1649625913.99989,938563,194,(0.0, 0.1, 1.0)
637852227140108878,1649625914.01089,938563,195,(0.0, 0.1, 1.0)
637852227140228887,1649625914.02289,938563,196,(0.0, 0.1, 1.0)
637852227140338877,1649625914.03389,938563,197,(0.0, 0.1, 1.0)
637852227140448883,1649625914.04489,938563,198,(0.0, 0.1, 1.0)
637852227140558886,1649625914.05589,938563,199,(0.0, 0.1, 1.0)
637852227140668887,1649625914.06689,938563,200,(0.0, 0.1, 1.0)
637852227140778884,1649625914.07789,938563,201,(0.0, 0.1, 1.0)
637852227140888884,1649625914.08889,938563,202,(0.0, 0.1, 1.0)
637852227141008896,1649625914.10089,938563,203,(0.0, 0.1, 1.0)
637852227141128886,1649625914.11289,938563,204,(0.0, 0.1, 1.0)
637852227141228880,1649625914.12289,938563,205,(0.0, 0.1, 1.0)
637852227141328882,1649625914.13289,938563,206,(0.0, 0.1, 1.0)
637852227141448884,1649625914.14489,938563,207,(0.0, 0.1, 1.0)
637852227141598884,1649625914.15989,938563,208,(0.0, 0.1, 1.0)
637852227141678875,1649625914.16789,938563,209,(0.0, 0.1, 1.0)
637852227141788887,1649625914.17889,938563,210,(0.0, 0.1, 1.0)
637852227141888884,1649625914.18889,938563,211,(0.0, 0.1, 1.0)
637852227141998874,1649625914.19989,938563,212,(0.0, 0.1, 1.0)
637852227142128889,1649625914.21289,938563,213,(0.0, 0.1, 1.0)
637852227142228883,1649625914.22289,938563,214,(0.0, 0.1, 1.0)
637852227142338882,1649625914.23389,938563,215,(0.0, 0.2, 1.0)
637852227142448877,1649625914.24489,938563,216,(0.0, 0.1, 1.0)
637852227142558886,1649625914.25589,938563,217,(0.0, 0.1, 1.0)
637852227142668884,1649625914.26689,938563,218,(0.0, 0.1, 1.0)
637852227142778885,1649625914.27789,938563,219,(0.0, 0.1, 1.0)
637852227142888885,1649625914.28889,938563,220,(0.0, 0.1, 1.0)
637852227142998883,1649625914.29989,938563,221,(0.0, 0.1, 1.0)
637852227143118878,1649625914.31189,938563,222,(0.0, 0.1, 1.0)
637852227143228885,1649625914.32289,938563,223,(0.0, 0.1, 1.0)
637852227143338884,1649625914.33389,938563,224,(0.0, 0.1, 1.0)
637852227143448874,1649625914.34489,938563,225,(0.0, 0.1, 1.0)
637852227143558880,1649625914.35589,938563,226,(0.0, 0.2, 1.0)
637852227143678875,1649625914.36789,938563,227,(0.0, 0.2, 1.0)
637852227143788879,1649625914.37889,938563,228,(0.0, 0.2, 1.0)
637852227143898892,1649625914.38989,938563,229,(0.0, 0.2, 1.0)
637852227144008873,1649625914.40089,938563,230,(0.0, 0.2, 1.0)
637852227144118875,1649625914.41189,938563,231,(0.0, 0.1, 1.0)
637852227144228875,1649625914.42289,938563,232,(0.0, 0.2, 1.0)
637852227144338880,1649625914.43389,938563,233,(0.0, 0.2, 1.0)
637852227144448882,1649625914.44489,938563,234,(0.0, 0.2, 1.0)
637852227144558884,1649625914.45589,938563,235,(0.0, 0.1, 1.0)
637852227144668874,1649625914.46689,938563,236,(0.0, 0.2, 1.0)
637852227144778882,1649625914.47789,938563,237,(0.0, 0.2, 1.0)
637852227144898883,1649625914.48989,938563,238,(0.0, 0.2, 1.0)
637852227145008896,1649625914.50089,938563,239,(0.0, 0.2, 1.0)
637852227145118882,1649625914.51189,938563,240,(0.0, 0.2, 1.0)
637852227145228884,1649625914.52289,938563,241,(0.0, 0.2, 1.0)
637852227145338878,1649625914.53389,938563,242,(0.0, 0.2, 1.0)
637852227145458887,1649625914.54589,938563,243,(0.0, 0.2, 1.0)
637852227145558886,1649625914.55589,938563,244,(0.0, 0.2, 1.0)
637852227145668876,1649625914.56689,938563,245,(0.0, 0.2, 1.0)
637852227145778885,1649625914.57789,938563,246,(0.0, 0.2, 1.0)
637852227145898884,1649625914.58989,938563,247,(0.0, 0.1, 1.0)
637852227145998878,1649625914.59989,938563,248,(0.0, 0.2, 1.0)
637852227146158874,1649625914.61589,938563,249,(0.0, 0.1, 1.0)
637852227146248873,1649625914.62489,938563,250,(0.0, 0.1, 1.0)
637852227146338879,1649625914.63389,938563,251,(0.0, 0.1, 1.0)
637852227146448877,1649625914.64489,938563,252,(0.0, 0.1, 1.0)
637852227146558878,1649625914.65589,938563,253,(0.0, 0.1, 1.0)
637852227146668882,1649625914.66689,938563,254,(0.0, 0.1, 1.0)
637852227146779123,1649625914.67791,938563,255,(0.0, 0.1, 1.0)
637852227146898886,1649625914.68989,938563,256,(0.0, 0.1, 1.0)
637852227147008873,1649625914.70089,938563,257,(0.0, 0.1, 1.0)
637852227147118872,1649625914.71189,938563,258,(0.0, 0.1, 1.0)
637852227147228874,1649625914.72289,938563,259,(0.0, 0.1, 1.0)
637852227147338874,1649625914.73389,938563,260,(0.0, 0.1, 1.0)
637852227147449133,1649625914.74491,938563,261,(0.0, 0.1, 1.0)
637852227147559126,1649625914.75591,938563,262,(0.0, 0.1, 1.0)
637852227147668871,1649625914.76689,938563,263,(0.0, 0.1, 1.0)
637852227147779112,1649625914.77791,938563,264,(0.0, 0.1, 1.0)
637852227147898876,1649625914.78989,938563,265,(0.0, 0.1, 1.0)
637852227148008885,1649625914.80089,938563,266,(0.0, 0.1, 1.0)
637852227148118883,1649625914.81189,938563,267,(0.0, 0.1, 1.0)
637852227148229055,1649625914.82291,938563,268,(0.0, 0.1, 1.0)
637852227148338882,1649625914.83389,938563,269,(0.0, 0.1, 1.0)
637852227148458883,1649625914.84589,938563,270,(0.0, 0.1, 1.0)
637852227148568881,1649625914.85689,938563,271,(0.0, 0.1, 1.0)
637852227148669091,1649625914.86691,938563,272,(0.0, 0.1, 1.0)
637852227148788879,1649625914.87889,938563,273,(0.0, 0.1, 1.0)
637852227148898873,1649625914.88989,938563,274,(0.0, 0.2, 1.0)
637852227148999187,1649625914.89992,938563,275,(0.0, 0.1, 1.0)
637852227149119401,1649625914.91194,938563,276,(0.0, 0.1, 1.0)
637852227149229078,1649625914.92291,938563,277,(0.0, 0.1, 1.0)
637852227149338882,1649625914.93389,938563,278,(0.0, 0.1, 1.0)
637852227149448874,1649625914.94489,938563,279,(0.0, 0.1, 1.0)
637852227149558880,1649625914.95589,938563,280,(0.0, 0.1, 1.0)
637852227149668872,1649625914.96689,938563,281,(0.0, 0.1, 1.0)
637852227149778900,1649625914.97789,938563,282,(0.0, 0.1, 1.0)
637852227149898879,1649625914.98989,938563,283,(0.0, 0.1, 1.0)
637852227150008883,1649625915.00089,938563,284,(0.0, 0.1, 1.0)
637852227150119274,1649625915.01193,938563,285,(0.0, 0.1, 1.0)
637852227150229235,1649625915.02292,938563,286,(0.0, 0.2, 1.0)
637852227150338872,1649625915.03389,938563,287,(0.0, 0.2, 1.0)
637852227150449095,1649625915.04491,938563,288,(0.0, 0.2, 1.0)
637852227150558882,1649625915.05589,938563,289,(0.0, 0.2, 1.0)
637852227150708869,1649625915.07089,938563,290,(0.0, 0.1, 1.0)
637852227150799217,1649625915.07992,938563,291,(0.0, 0.1, 1.0)
637852227150889092,1649625915.08891,938563,292,(0.0, 0.1, 1.0)
637852227151008879,1649625915.10089,938563,293,(0.0, 0.1, 1.0)
637852227151118871,1649625915.11189,938563,294,(0.0, 0.1, 1.0)
637852227151228883,1649625915.12289,938563,295,(0.0, 0.1, 1.0)
637852227151338876,1649625915.13389,938563,296,(0.0, 0.1, 1.0)
637852227151448872,1649625915.14489,938563,297,(0.0, 0.1, 1.0)
637852227151558872,1649625915.15589,938563,298,(0.0, 0.1, 1.0)
637852227151669256,1649625915.16693,938563,299,(0.0, 0.1, 1.0)
637852227151779178,1649625915.17792,938563,300,(0.0, 0.1, 1.0)
637852227151899128,1649625915.18991,938563,301,(0.0, 0.1, 1.0)
637852227151998878,1649625915.19989,938563,302,(0.0, 0.1, 1.0)
637852227152108874,1649625915.21089,938563,303,(0.0, 0.2, 1.0)
637852227152228876,1649625915.22289,938563,304,(0.0, 0.1, 1.0)
637852227152339138,1649625915.23391,938563,305,(0.0, 0.1, 1.0)
637852227152448876,1649625915.24489,938563,306,(0.0, 0.1, 1.0)
637852227152559218,1649625915.25592,938563,307,(0.0, 0.1, 1.0)
637852227152668900,1649625915.26689,938563,308,(0.0, 0.1, 1.0)
637852227152778869,1649625915.27789,938563,309,(0.0, 0.1, 1.0)
637852227152888872,1649625915.28889,938563,310,(0.0, 0.1, 1.0)
637852227153008866,1649625915.30089,938563,311,(0.0, 0.1, 1.0)
637852227153119118,1649625915.31191,938563,312,(0.0, 0.2, 1.0)
637852227153229195,1649625915.32292,938563,313,(0.0, 0.2, 1.0)
637852227153338876,1649625915.33389,938563,314,(0.0, 0.2, 1.0)
637852227153448867,1649625915.34489,938563,315,(0.0, 0.2, 1.0)
637852227153558867,1649625915.35589,938563,316,(0.0, 0.2, 1.0)
637852227153668871,1649625915.36689,938563,317,(0.0, 0.2, 1.0)
637852227153778872,1649625915.37789,938563,318,(0.0, 0.2, 1.0)
637852227153898871,1649625915.38989,938563,319,(0.0, 0.2, 1.0)
637852227154008879,1649625915.40089,938563,320,(0.0, 0.2, 1.0)
637852227154118873,1649625915.41189,938563,321,(0.0, 0.2, 1.0)
637852227154228867,1649625915.42289,938563,322,(0.0, 0.2, 1.0)
637852227154338867,1649625915.43389,938563,323,(0.0, 0.2, 1.0)
637852227154448868,1649625915.44489,938563,324,(0.0, 0.2, 1.0)
637852227154568879,1649625915.45689,938563,325,(0.0, 0.2, 1.0)
637852227154669170,1649625915.46692,938563,326,(0.0, 0.2, 1.0)
637852227154788871,1649625915.47889,938563,327,(0.0, 0.2, 1.0)
637852227154898873,1649625915.48989,938563,328,(0.0, 0.2, 1.0)
637852227155008865,1649625915.50089,938563,329,(0.0, 0.2, 1.0)
637852227155118866,1649625915.51189,938563,330,(0.0, 0.2, 1.0)
637852227155258863,1649625915.52589,938563,331,(0.0, 0.2, 1.0)
637852227155338861,1649625915.53389,938563,332,(0.0, 0.2, 1.0)
637852227155448871,1649625915.54489,938563,333,(0.0, 0.2, 1.0)
637852227155558866,1649625915.55589,938563,334,(0.0, 0.2, 1.0)
637852227155668871,1649625915.56689,938563,335,(0.0, 0.2, 1.0)
637852227155778868,1649625915.57789,938563,336,(0.0, 0.2, 1.0)
637852227155888878,1649625915.58889,938563,337,(0.0, 0.2, 1.0)
637852227155998869,1649625915.59989,938563,338,(0.0, 0.2, 1.0)
637852227156118871,1649625915.61189,938563,339,(0.0, 0.2, 1.0)
637852227156228865,1649625915.62289,938563,340,(0.0, 0.2, 1.0)
637852227156338869,1649625915.63389,938563,341,(0.0, 0.2, 1.0)
637852227156448871,1649625915.64489,938563,342,(0.0, 0.2, 1.0)
637852227156558870,1649625915.65589,938563,343,(0.0, 0.2, 1.0)
637852227156668864,1649625915.66689,938563,344,(0.0, 0.2, 1.0)
637852227156778871,1649625915.67789,938563,345,(0.0, 0.2, 1.0)
637852227156898867,1649625915.68989,938563,346,(0.0, 0.2, 1.0)
637852227156998867,1649625915.69989,938563,347,(0.0, 0.2, 1.0)
637852227157118863,1649625915.71189,938563,348,(0.0, 0.2, 1.0)
637852227157228870,1649625915.72289,938563,349,(0.0, 0.2, 1.0)
637852227157338870,1649625915.73389,938563,350,(0.0, 0.1, 1.0)
637852227157448863,1649625915.74489,938563,351,(0.0, 0.1, 1.0)
637852227157558874,1649625915.75589,938563,352,(0.0, 0.1, 1.0)
637852227157668871,1649625915.76689,938563,353,(0.0, 0.2, 1.0)
637852227157778868,1649625915.77789,938563,354,(0.0, 0.2, 1.0)
637852227157898870,1649625915.78989,938563,355,(0.0, 0.2, 1.0)
637852227157998872,1649625915.79989,938563,356,(0.0, 0.2, 1.0)
637852227158108868,1649625915.81089,938563,357,(0.0, 0.2, 1.0)
637852227158228872,1649625915.82289,938563,358,(0.0, 0.2, 1.0)
637852227158338867,1649625915.83389,938563,359,(0.0, 0.2, 1.0)
637852227158448869,1649625915.84489,938563,360,(0.0, 0.2, 1.0)
637852227158558860,1649625915.85589,938563,361,(0.0, 0.2, 1.0)
637852227158668866,1649625915.86689,938563,362,(0.0, 0.2, 1.0)
637852227158778869,1649625915.87789,938563,363,(0.0, 0.2, 1.0)
637852227158888867,1649625915.88889,938563,364,(0.0, 0.2, 1.0)
637852227158998864,1649625915.89989,938563,365,(0.0, 0.2, 1.0)
637852227159118868,1649625915.91189,938563,366,(0.0, 0.2, 1.0)
637852227159228871,1649625915.92289,938563,367,(0.0, 0.2, 1.0)
637852227159338861,1649625915.93389,938563,368,(0.0, 0.2, 1.0)
637852227159448871,1649625915.94489,938563,369,(0.0, 0.2, 1.0)
637852227159558865,1649625915.95589,938563,370,(0.0, 0.2, 1.0)
637852227159668868,1649625915.96689,938563,371,(0.0, 0.2, 1.0)
637852227159818869,1649625915.98189,938563,372,(0.0, 0.2, 1.0)
637852227159898869,1649625915.98989,938563,373,(0.0, 0.2, 1.0)
637852227160008882,1649625916.00089,938563,374,(0.0, 0.2, 1.0)
637852227160108869,1649625916.01089,938563,375,(0.0, 0.2, 1.0)
637852227160228870,1649625916.02289,938563,376,(0.0, 0.2, 1.0)
637852227160338869,1649625916.03389,938563,377,(0.0, 0.2, 1.0)
637852227160448866,1649625916.04489,938563,378,(0.0, 0.2, 1.0)
637852227160558867,1649625916.05589,938563,379,(0.0, 0.2, 1.0)
637852227160668866,1649625916.06689,938563,380,(0.0, 0.2, 1.0)
637852227160778861,1649625916.07789,938563,381,(0.0, 0.1, 1.0)
637852227160898866,1649625916.08989,938563,382,(0.0, 0.1, 1.0)
637852227161008873,1649625916.10089,938563,383,(0.0, 0.1, 1.0)
637852227161118868,1649625916.11189,938563,384,(0.0, 0.1, 1.0)
637852227161228865,1649625916.12289,938563,385,(0.0, 0.1, 1.0)
637852227161328862,1649625916.13289,938563,386,(0.0, 0.1, 1.0)
637852227161448859,1649625916.14489,938563,387,(0.0, 0.1, 1.0)
637852227161568874,1649625916.15689,938563,388,(0.0, 0.1, 1.0)
637852227161678863,1649625916.16789,938563,389,(0.0, 0.1, 1.0)
637852227161778865,1649625916.17789,938563,390,(0.0, 0.1, 1.0)
637852227161898869,1649625916.18989,938563,391,(0.0, 0.1, 1.0)
637852227161998858,1649625916.19989,938563,392,(0.0, 0.1, 1.0)
637852227162118866,1649625916.21189,938563,393,(0.0, 0.1, 1.0)
637852227162228866,1649625916.22289,938563,394,(0.0, 0.1, 1.0)
637852227162338861,1649625916.23389,938563,395,(0.0, 0.1, 1.0)
637852227162448868,1649625916.24489,938563,396,(0.0, 0.1, 1.0)
637852227162568866,1649625916.25689,938563,397,(0.0, 0.1, 1.0)
637852227162668866,1649625916.26689,938563,398,(0.0, 0.1, 1.0)
637852227162788866,1649625916.27889,938563,399,(0.0, 0.1, 1.0)
637852227162888865,1649625916.28889,938563,400,(0.0, 0.1, 1.0)
637852227163008864,1649625916.30089,938563,401,(0.0, 0.1, 1.0)
637852227163118858,1649625916.31189,938563,402,(0.0, 0.1, 1.0)
637852227163228863,1649625916.32289,938563,403,(0.0, 0.1, 1.0)
637852227163338866,1649625916.33389,938563,404,(0.0, 0.1, 1.0)
637852227163448864,1649625916.34489,938563,405,(0.0, 0.1, 1.0)
637852227163558855,1649625916.35589,938563,406,(0.0, 0.1, 1.0)
637852227163668862,1649625916.36689,938563,407,(0.0, 0.1, 1.0)
637852227163778865,1649625916.37789,938563,408,(0.0, 0.1, 1.0)
637852227163888859,1649625916.38889,938563,409,(0.0, 0.1, 1.0)
637852227164008871,1649625916.40089,938563,410,(0.0, 0.1, 1.0)
637852227164118864,1649625916.41189,938563,411,(0.0, 0.1, 1.0)
637852227164228864,1649625916.42289,938563,412,(0.0, 0.1, 1.0)
637852227164348863,1649625916.43489,938563,413,(0.0, 0.1, 1.0)
637852227164448864,1649625916.44489,938563,414,(0.0, 0.1, 1.0)
637852227164558859,1649625916.45589,938563,415,(0.0, 0.1, 1.0)
637852227164668863,1649625916.46689,938563,416,(0.0, 0.1, 1.0)
637852227164778863,1649625916.47789,938563,417,(0.0, 0.1, 1.0)
637852227164888862,1649625916.48889,938563,418,(0.0, 0.1, 1.0)
637852227165008858,1649625916.50089,938563,419,(0.0, 0.1, 1.0)
637852227165118864,1649625916.51189,938563,420,(0.1, 0.1, 1.0)
637852227165228868,1649625916.52289,938563,421,(0.1, 0.2, 1.0)
637852227165338858,1649625916.53389,938563,422,(0.1, 0.2, 1.0)
637852227165448863,1649625916.54489,938563,423,(0.2, 0.2, 1.0)
637852227165558862,1649625916.55589,938563,424,(0.2, 0.2, 1.0)
637852227165668854,1649625916.56689,938563,425,(0.2, 0.2, 1.0)
637852227165778862,1649625916.57789,938563,426,(0.2, 0.2, 1.0)
637852227165898855,1649625916.58989,938563,427,(0.2, 0.2, 1.0)
637852227165998855,1649625916.59989,938563,428,(0.2, 0.2, 1.0)
637852227166118856,1649625916.61189,938563,429,(0.2, 0.2, 1.0)
637852227166228853,1649625916.62289,938563,430,(0.2, 0.2, 1.0)
637852227166338855,1649625916.63389,938563,431,(0.2, 0.2, 1.0)
637852227166448858,1649625916.64489,938563,432,(0.2, 0.2, 1.0)
637852227166558860,1649625916.65589,938563,433,(0.2, 0.2, 1.0)
637852227166668860,1649625916.66689,938563,434,(0.2, 0.2, 1.0)
637852227166778863,1649625916.67789,938563,435,(0.2, 0.2, 1.0)
637852227166888851,1649625916.68889,938563,436,(0.2, 0.2, 1.0)
637852227166998861,1649625916.69989,938563,437,(0.2, 0.2, 1.0)
637852227167118857,1649625916.71189,938563,438,(0.2, 0.2, 1.0)
637852227167228858,1649625916.72289,938563,439,(0.2, 0.2, 1.0)
637852227167338855,1649625916.73389,938563,440,(0.2, 0.2, 1.0)
637852227167448860,1649625916.74489,938563,441,(0.2, 0.2, 1.0)
637852227167558853,1649625916.75589,938563,442,(0.2, 0.2, 1.0)
637852227167668862,1649625916.76689,938563,443,(0.2, 0.2, 1.0)
637852227167778861,1649625916.77789,938563,444,(0.2, 0.2, 1.0)
637852227167908858,1649625916.79089,938563,445,(0.2, 0.2, 1.0)
637852227167998863,1649625916.79989,938563,446,(0.2, 0.2, 1.0)
637852227168118863,1649625916.81189,938563,447,(0.2, 0.2, 1.0)
637852227168228859,1649625916.82289,938563,448,(0.2, 0.2, 1.0)
637852227168338861,1649625916.83389,938563,449,(0.2, 0.2, 1.0)
637852227168448857,1649625916.84489,938563,450,(0.2, 0.2, 1.0)
637852227168558866,1649625916.85589,938563,451,(0.2, 0.2, 1.0)
637852227168668859,1649625916.86689,938563,452,(0.2, 0.2, 1.0)
637852227168788865,1649625916.87889,938563,453,(0.2, 0.2, 1.0)
637852227168908853,1649625916.89089,938563,454,(0.2, 0.2, 1.0)
637852227169008854,1649625916.90089,938563,455,(0.2, 0.2, 1.0)
637852227169118860,1649625916.91189,938563,456,(0.2, 0.2, 1.0)
637852227169228850,1649625916.92288,938563,457,(0.2, 0.2, 1.0)
637852227169338867,1649625916.93389,938563,458,(0.2, 0.2, 1.0)
637852227169448851,1649625916.94489,938563,459,(0.2, 0.2, 1.0)
637852227169568857,1649625916.95689,938563,460,(0.2, 0.2, 1.0)
637852227169668867,1649625916.96689,938563,461,(0.2, 0.2, 1.0)
637852227169778850,1649625916.97789,938563,462,(0.1, 0.2, 1.0)
637852227169898859,1649625916.98989,938563,463,(0.1, 0.2, 1.0)
637852227170008849,1649625917.00088,938563,464,(0.1, 0.2, 1.0)
637852227170118857,1649625917.01189,938563,465,(0.1, 0.2, 1.0)
637852227170228858,1649625917.02289,938563,466,(0.1, 0.2, 1.0)
637852227170338860,1649625917.03389,938563,467,(0.1, 0.2, 1.0)
637852227170448857,1649625917.04489,938563,468,(0.1, 0.2, 1.0)
637852227170558855,1649625917.05589,938563,469,(0.1, 0.2, 1.0)
637852227170668856,1649625917.06689,938563,470,(0.1, 0.2, 1.0)
637852227170778858,1649625917.07789,938563,471,(0.1, 0.2, 1.0)
637852227170888854,1649625917.08889,938563,472,(0.1, 0.2, 1.0)
637852227171008859,1649625917.10089,938563,473,(0.1, 0.2, 1.0)
637852227171118859,1649625917.11189,938563,474,(0.1, 0.2, 1.0)
637852227171228854,1649625917.12289,938563,475,(0.1, 0.2, 1.0)
637852227171338860,1649625917.13389,938563,476,(0.1, 0.2, 1.0)
637852227171448855,1649625917.14489,938563,477,(0.1, 0.2, 1.0)
637852227171558856,1649625917.15589,938563,478,(0.1, 0.2, 1.0)
637852227171678856,1649625917.16789,938563,479,(0.1, 0.2, 1.0)
637852227171788860,1649625917.17889,938563,480,(0.1, 0.2, 1.0)
637852227171898855,1649625917.18989,938563,481,(0.1, 0.2, 1.0)
637852227171998853,1649625917.19989,938563,482,(0.1, 0.2, 1.0)
637852227172118855,1649625917.21189,938563,483,(0.1, 0.2, 1.0)
637852227172228855,1649625917.22289,938563,484,(0.2, 0.2, 1.0)
637852227172348856,1649625917.23489,938563,485,(0.2, 0.1, 1.0)
637852227172448849,1649625917.24488,938563,486,(0.2, 0.2, 1.0)
637852227172568852,1649625917.25689,938563,487,(0.2, 0.2, 1.0)
637852227172678860,1649625917.26789,938563,488,(0.2, 0.2, 1.0)
637852227172778848,1649625917.27788,938563,489,(0.2, 0.2, 1.0)
637852227172888857,1649625917.28889,938563,490,(0.2, 0.2, 1.0)
637852227173008851,1649625917.30089,938563,491,(0.2, 0.2, 1.0)
637852227173148855,1649625917.31489,938563,492,(0.2, 0.2, 1.0)
637852227173248847,1649625917.32488,938563,493,(0.2, 0.2, 1.0)
637852227173378856,1649625917.33789,938563,494,(0.2, 0.2, 1.0)
637852227173468854,1649625917.34689,938563,495,(0.2, 0.1, 1.0)
637852227173568855,1649625917.35689,938563,496,(0.2, 0.1, 1.0)
637852227173668849,1649625917.36688,938563,497,(0.2, 0.1, 1.0)
637852227173788849,1649625917.37888,938563,498,(0.2, 0.1, 1.0)
637852227173898849,1649625917.38988,938563,499,(0.2, 0.1, 1.0)
637852227174008848,1649625917.40088,938563,500,(0.2, 0.1, 1.0)
637852227174118848,1649625917.41188,938563,501,(0.2, 0.2, 1.0)
637852227174238854,1649625917.42389,938563,502,(0.2, 0.2, 1.0)
637852227174338857,1649625917.43389,938563,503,(0.2, 0.2, 1.0)
637852227174448849,1649625917.44488,938563,504,(0.2, 0.1, 1.0)
637852227174568846,1649625917.45688,938563,505,(0.2, 0.1, 1.0)
637852227174668859,1649625917.46689,938563,506,(0.2, 0.1, 1.0)
637852227174778844,1649625917.47788,938563,507,(0.2, 0.2, 1.0)
637852227174898855,1649625917.48989,938563,508,(0.1, 0.2, 1.0)
637852227175008848,1649625917.50088,938563,509,(0.1, 0.2, 1.0)
637852227175118857,1649625917.51189,938563,510,(0.1, 0.2, 1.0)
637852227175228850,1649625917.52288,938563,511,(0.1, 0.2, 1.0)
637852227175338848,1649625917.53388,938563,512,(0.1, 0.2, 1.0)
637852227175448850,1649625917.54488,938563,513,(0.1, 0.2, 1.0)
637852227175558849,1649625917.55588,938563,514,(0.2, 0.2, 1.0)
637852227175668851,1649625917.56689,938563,515,(0.2, 0.2, 1.0)
637852227175778856,1649625917.57789,938563,516,(0.1, 0.2, 1.0)
637852227175888845,1649625917.58888,938563,517,(0.1, 0.2, 1.0)
637852227175998853,1649625917.59989,938563,518,(0.1, 0.2, 1.0)
637852227176118854,1649625917.61189,938563,519,(0.1, 0.2, 1.0)
637852227176228853,1649625917.62289,938563,520,(0.1, 0.2, 1.0)
637852227176338852,1649625917.63389,938563,521,(0.1, 0.1, 1.0)
637852227176448852,1649625917.64489,938563,522,(0.1, 0.1, 1.0)
637852227176558852,1649625917.65589,938563,523,(0.2, 0.2, 1.0)
637852227176668844,1649625917.66688,938563,524,(0.2, 0.2, 1.0)
637852227176788849,1649625917.67888,938563,525,(0.2, 0.2, 1.0)
637852227176898852,1649625917.68989,938563,526,(0.2, 0.2, 1.0)
637852227176998854,1649625917.69989,938563,527,(0.2, 0.2, 1.0)
637852227177108855,1649625917.71089,938563,528,(0.2, 0.2, 1.0)
637852227177228844,1649625917.72288,938563,529,(0.2, 0.2, 1.0)
637852227177338854,1649625917.73389,938563,530,(0.2, 0.2, 1.0)
637852227177448856,1649625917.74489,938563,531,(0.2, 0.2, 1.0)
637852227177558852,1649625917.75589,938563,532,(0.2, 0.2, 1.0)
637852227177668855,1649625917.76689,938563,533,(0.2, 0.1, 1.0)
637852227177778866,1649625917.77789,938563,534,(0.2, 0.1, 1.0)
637852227177928851,1649625917.79289,938563,535,(0.2, 0.1, 1.0)
637852227178008851,1649625917.80089,938563,536,(0.1, 0.1, 1.0)
637852227178118850,1649625917.81188,938563,537,(0.1, 0.1, 1.0)
637852227178228850,1649625917.82289,938563,538,(0.1, 0.1, 1.0)
637852227178338845,1649625917.83388,938563,539,(0.1, 0.1, 1.0)
637852227178448848,1649625917.84488,938563,540,(0.1, 0.1, 1.0)
637852227178558849,1649625917.85588,938563,541,(0.1, 0.1, 1.0)
637852227178668851,1649625917.86689,938563,542,(0.1, 0.1, 1.0)
637852227178788846,1649625917.87888,938563,543,(0.1, 0.1, 1.0)
637852227178898847,1649625917.88988,938563,544,(0.1, 0.1, 1.0)
637852227179008848,1649625917.90088,938563,545,(0.1, 0.2, 1.0)
637852227179118850,1649625917.91189,938563,546,(0.1, 0.2, 1.0)
637852227179229322,1649625917.92293,938563,547,(0.1, 0.2, 1.0)
637852227179339140,1649625917.93391,938563,548,(0.1, 0.2, 1.0)
637852227179458848,1649625917.94588,938563,549,(0.1, 0.2, 1.0)
637852227179568938,1649625917.95689,938563,550,(0.1, 0.1, 1.0)
637852227179669021,1649625917.9669,938563,551,(0.1, 0.2, 1.0)
637852227179778844,1649625917.97788,938563,552,(0.1, 0.2, 1.0)
637852227179888843,1649625917.98888,938563,553,(0.1, 0.2, 1.0)
637852227180008852,1649625918.00089,938563,554,(0.1, 0.2, 1.0)
637852227180118848,1649625918.01188,938563,555,(0.1, 0.2, 1.0)
637852227180228851,1649625918.02289,938563,556,(0.1, 0.2, 1.0)
637852227180338842,1649625918.03388,938563,557,(0.1, 0.2, 1.0)
637852227180448849,1649625918.04488,938563,558,(0.1, 0.2, 1.0)
637852227180558843,1649625918.05588,938563,559,(0.1, 0.2, 1.0)
637852227180668852,1649625918.06689,938563,560,(0.1, 0.1, 1.0)
637852227180788843,1649625918.07888,938563,561,(0.1, 0.1, 1.0)
637852227180898849,1649625918.08988,938563,562,(0.2, 0.1, 1.0)
637852227181008854,1649625918.10089,938563,563,(0.2, 0.1, 1.0)
637852227181118840,1649625918.11188,938563,564,(0.2, 0.1, 1.0)
637852227181228851,1649625918.12289,938563,565,(0.2, 0.1, 1.0)
637852227181338840,1649625918.13388,938563,566,(0.2, 0.1, 1.0)
637852227181448839,1649625918.14488,938563,567,(0.2, 0.1, 1.0)
637852227181558841,1649625918.15588,938563,568,(0.2, 0.1, 1.0)
637852227181668847,1649625918.16688,938563,569,(0.2, 0.1, 1.0)
637852227181788849,1649625918.17888,938563,570,(0.2, 0.1, 1.0)
637852227181898852,1649625918.18989,938563,571,(0.2, 0.1, 1.0)
637852227182008850,1649625918.20088,938563,572,(0.2, 0.1, 1.0)
637852227182118850,1649625918.21189,938563,573,(0.2, 0.1, 1.0)
637852227182228843,1649625918.22288,938563,574,(0.2, 0.1, 1.0)
637852227182338839,1649625918.23388,938563,575,(0.2, 0.2, 1.0)
637852227182488847,1649625918.24888,938563,576,(0.2, 0.2, 1.0)
637852227182568841,1649625918.25688,938563,577,(0.2, 0.2, 1.0)
637852227182668844,1649625918.26688,938563,578,(0.2, 0.2, 1.0)
637852227182788849,1649625918.27888,938563,579,(0.2, 0.2, 1.0)
637852227182888835,1649625918.28888,938563,580,(0.1, 0.2, 1.0)
637852227182998840,1649625918.29988,938563,581,(0.1, 0.2, 1.0)
637852227183118848,1649625918.31188,938563,582,(0.2, 0.2, 1.0)
637852227183228845,1649625918.32288,938563,583,(0.2, 0.2, 1.0)
637852227183338846,1649625918.33388,938563,584,(0.2, 0.2, 1.0)
637852227183448843,1649625918.34488,938563,585,(0.2, 0.2, 1.0)
637852227183558840,1649625918.35588,938563,586,(0.2, 0.2, 1.0)
637852227183668847,1649625918.36688,938563,587,(0.2, 0.2, 1.0)
637852227183778835,1649625918.37788,938563,588,(0.2, 0.2, 1.0)
637852227183898838,1649625918.38988,938563,589,(0.2, 0.2, 1.0)
637852227184008838,1649625918.40088,938563,590,(0.1, 0.2, 1.0)
637852227184118846,1649625918.41188,938563,591,(0.1, 0.2, 1.0)
637852227184228845,1649625918.42288,938563,592,(0.1, 0.2, 1.0)
637852227184338846,1649625918.43388,938563,593,(0.1, 0.2, 1.0)
637852227184448845,1649625918.44488,938563,594,(0.1, 0.2, 1.0)
637852227184558846,1649625918.45588,938563,595,(0.1, 0.2, 1.0)
637852227184668838,1649625918.46688,938563,596,(0.1, 0.2, 1.0)
637852227184778853,1649625918.47789,938563,597,(0.1, 0.2, 1.0)
637852227184898837,1649625918.48988,938563,598,(0.1, 0.2, 1.0)
637852227185008850,1649625918.50089,938563,599,(0.2, 0.2, 1.0)
637852227185118845,1649625918.51188,938563,600,(0.1, 0.2, 1.0)
637852227185228848,1649625918.52288,938563,601,(0.2, 0.2, 1.0)
637852227185338841,1649625918.53388,938563,602,(0.2, 0.2, 1.0)
637852227185458850,1649625918.54588,938563,603,(0.1, 0.2, 1.0)
637852227185568841,1649625918.55688,938563,604,(0.1, 0.2, 1.0)
637852227185668841,1649625918.56688,938563,605,(0.1, 0.2, 1.0)
637852227185778843,1649625918.57788,938563,606,(0.1, 0.2, 1.0)
637852227185898847,1649625918.58988,938563,607,(0.1, 0.2, 1.0)
637852227186008851,1649625918.60089,938563,608,(0.1, 0.2, 1.0)
637852227186118841,1649625918.61188,938563,609,(0.1, 0.2, 1.0)
637852227186228847,1649625918.62288,938563,610,(0.1, 0.2, 1.0)
637852227186338841,1649625918.63388,938563,611,(0.1, 0.2, 1.0)
637852227186458840,1649625918.64588,938563,612,(0.1, 0.2, 1.0)
637852227186558844,1649625918.65588,938563,613,(0.1, 0.2, 1.0)
637852227186668849,1649625918.66688,938563,614,(0.1, 0.2, 1.0)
637852227186788846,1649625918.67888,938563,615,(0.1, 0.1, 1.0)
637852227186908844,1649625918.69088,938563,616,(0.1, 0.2, 1.0)
637852227187038847,1649625918.70388,938563,617,(0.1, 0.2, 1.0)
637852227187118846,1649625918.71188,938563,618,(0.2, 0.2, 1.0)
637852227187228836,1649625918.72288,938563,619,(0.2, 0.2, 1.0)
637852227187338836,1649625918.73388,938563,620,(0.2, 0.2, 1.0)
637852227187458840,1649625918.74588,938563,621,(0.1, 0.2, 1.0)
637852227187568840,1649625918.75688,938563,622,(0.1, 0.2, 1.0)
637852227187668836,1649625918.76688,938563,623,(0.1, 0.2, 1.0)
637852227187788834,1649625918.77888,938563,624,(0.1, 0.2, 1.0)
637852227187898836,1649625918.78988,938563,625,(0.2, 0.2, 1.0)
637852227188008839,1649625918.80088,938563,626,(0.1, 0.2, 1.0)
637852227188118850,1649625918.81188,938563,627,(0.1, 0.2, 1.0)
637852227188228849,1649625918.82288,938563,628,(0.1, 0.2, 1.0)
637852227188338841,1649625918.83388,938563,629,(0.1, 0.2, 1.0)
637852227188448839,1649625918.84488,938563,630,(0.1, 0.2, 1.0)
637852227188568844,1649625918.85688,938563,631,(0.1, 0.1, 1.0)
637852227188668839,1649625918.86688,938563,632,(0.2, 0.1, 1.0)
637852227188788851,1649625918.87889,938563,633,(0.3, 0.1, 1.0)
637852227188898838,1649625918.88988,938563,634,(0.3, 0.2, 0.9)
637852227189008851,1649625918.90089,938563,635,(0.3, 0.3, 0.9)
637852227189118844,1649625918.91188,938563,636,(0.3, 0.3, 0.9)
637852227189228837,1649625918.92288,938563,637,(0.4, 0.2, 0.9)
637852227189338835,1649625918.93388,938563,638,(0.4, 0.2, 0.9)
637852227189448836,1649625918.94488,938563,639,(0.4, 0.2, 0.9)
637852227189568842,1649625918.95688,938563,640,(0.4, 0.2, 0.9)
637852227189668841,1649625918.96688,938563,641,(0.4, 0.2, 0.9)
637852227189778843,1649625918.97788,938563,642,(0.3, 0.3, 0.9)
637852227189898837,1649625918.98988,938563,643,(0.3, 0.3, 0.9)
637852227190008841,1649625919.00088,938563,644,(0.3, 0.3, 0.9)
637852227190118837,1649625919.01188,938563,645,(0.3, 0.3, 0.9)
637852227190228835,1649625919.02288,938563,646,(0.3, 0.3, 0.9)
637852227190338839,1649625919.03388,938563,647,(0.3, 0.3, 0.9)
637852227190448834,1649625919.04488,938563,648,(0.4, 0.2, 0.9)
637852227190558835,1649625919.05588,938563,649,(0.4, 0.2, 0.9)
637852227190668834,1649625919.06688,938563,650,(0.4, 0.2, 0.9)
637852227190788836,1649625919.07888,938563,651,(0.4, 0.2, 0.9)
637852227190888839,1649625919.08888,938563,652,(0.4, 0.2, 0.9)
637852227191008834,1649625919.10088,938563,653,(0.4, 0.2, 0.9)
637852227191118840,1649625919.11188,938563,654,(0.4, 0.2, 0.9)
637852227191228852,1649625919.12289,938563,655,(0.4, 0.2, 0.9)
637852227191338840,1649625919.13388,938563,656,(0.4, 0.2, 0.9)
637852227191448831,1649625919.14488,938563,657,(0.4, 0.3, 0.9)
637852227191578836,1649625919.15788,938563,658,(0.4, 0.3, 0.9)
637852227191668833,1649625919.16688,938563,659,(0.4, 0.3, 0.9)
637852227191788884,1649625919.17889,938563,660,(0.4, 0.3, 0.9)
637852227191898841,1649625919.18988,938563,661,(0.4, 0.3, 0.9)
637852227192008832,1649625919.20088,938563,662,(0.4, 0.3, 0.9)
637852227192128843,1649625919.21288,938563,663,(0.4, 0.3, 0.9)
637852227192228834,1649625919.22288,938563,664,(0.4, 0.3, 0.9)
637852227192338842,1649625919.23388,938563,665,(0.4, 0.2, 0.9)
637852227192449071,1649625919.24491,938563,666,(0.4, 0.2, 0.9)
637852227192558834,1649625919.25588,938563,667,(0.4, 0.2, 0.9)
637852227192679086,1649625919.26791,938563,668,(0.4, 0.2, 0.9)
637852227192778838,1649625919.27788,938563,669,(0.4, 0.3, 0.9)
637852227192898836,1649625919.28988,938563,670,(0.4, 0.3, 0.9)
637852227193008843,1649625919.30088,938563,671,(0.4, 0.3, 0.9)
637852227193118832,1649625919.31188,938563,672,(0.4, 0.3, 0.9)
637852227193229111,1649625919.32291,938563,673,(0.4, 0.3, 0.9)
637852227193339058,1649625919.33391,938563,674,(0.4, 0.3, 0.9)
637852227193448833,1649625919.34488,938563,675,(0.4, 0.3, 0.9)
637852227193558829,1649625919.35588,938563,676,(0.4, 0.3, 0.9)
637852227193678839,1649625919.36788,938563,677,(0.4, 0.3, 0.9)
637852227193778838,1649625919.37788,938563,678,(0.4, 0.3, 0.9)
637852227193898831,1649625919.38988,938563,679,(0.4, 0.3, 0.9)
637852227194008831,1649625919.40088,938563,680,(0.4, 0.3, 0.9)
637852227194118830,1649625919.41188,938563,681,(0.4, 0.3, 0.9)
637852227194228838,1649625919.42288,938563,682,(0.4, 0.3, 0.9)
637852227194338842,1649625919.43388,938563,683,(0.4, 0.3, 0.9)
637852227194448829,1649625919.44488,938563,684,(0.4, 0.3, 0.9)
637852227194558841,1649625919.45588,938563,685,(0.4, 0.3, 0.9)
637852227194668837,1649625919.46688,938563,686,(0.4, 0.3, 0.9)
637852227194778836,1649625919.47788,938563,687,(0.4, 0.3, 0.9)
637852227194898831,1649625919.48988,938563,688,(0.4, 0.3, 0.9)
637852227195008830,1649625919.50088,938563,689,(0.4, 0.3, 0.9)
637852227195118831,1649625919.51188,938563,690,(0.4, 0.3, 0.9)
637852227195228838,1649625919.52288,938563,691,(0.4, 0.3, 0.9)
637852227195338839,1649625919.53388,938563,692,(0.4, 0.3, 0.9)
637852227195448832,1649625919.54488,938563,693,(0.4, 0.3, 0.9)
637852227195558833,1649625919.55588,938563,694,(0.4, 0.3, 0.9)
637852227195668825,1649625919.56688,938563,695,(0.4, 0.3, 0.9)
637852227195778833,1649625919.57788,938563,696,(0.4, 0.3, 0.9)
637852227195898835,1649625919.58988,938563,697,(0.4, 0.3, 0.9)
637852227196038829,1649625919.60388,938563,698,(0.4, 0.3, 0.9)
637852227196118831,1649625919.61188,938563,699,(0.4, 0.3, 0.9)
637852227196228827,1649625919.62288,938563,700,(0.4, 0.3, 0.9)
637852227196338828,1649625919.63388,938563,701,(0.4, 0.3, 0.9)
637852227196448833,1649625919.64488,938563,702,(0.4, 0.3, 0.9)
637852227196558834,1649625919.65588,938563,703,(0.4, 0.3, 0.9)
637852227196668837,1649625919.66688,938563,704,(0.4, 0.3, 0.9)
637852227196778835,1649625919.67788,938563,705,(0.4, 0.3, 0.9)
637852227196898836,1649625919.68988,938563,706,(0.4, 0.3, 0.9)
637852227197008832,1649625919.70088,938563,707,(0.4, 0.3, 0.9)
637852227197118829,1649625919.71188,938563,708,(0.4, 0.3, 0.9)
637852227197228832,1649625919.72288,938563,709,(0.4, 0.3, 0.9)
637852227197338833,1649625919.73388,938563,710,(0.4, 0.3, 0.9)
637852227197458829,1649625919.74588,938563,711,(0.4, 0.3, 0.9)
637852227197558834,1649625919.75588,938563,712,(0.4, 0.3, 0.9)
637852227197668829,1649625919.76688,938563,713,(0.4, 0.3, 0.9)
637852227197778832,1649625919.77788,938563,714,(0.4, 0.3, 0.9)
637852227197898825,1649625919.78988,938563,715,(0.4, 0.3, 0.9)
637852227198008856,1649625919.80089,938563,716,(0.4, 0.3, 0.9)
637852227198118826,1649625919.81188,938563,717,(0.4, 0.3, 0.9)
637852227198228833,1649625919.82288,938563,718,(0.4, 0.3, 0.9)
637852227198338825,1649625919.83388,938563,719,(0.4, 0.3, 0.9)
637852227198448831,1649625919.84488,938563,720,(0.4, 0.3, 0.9)
637852227198558833,1649625919.85588,938563,721,(0.4, 0.3, 0.9)
