637852227199808833,1649625919.98088,938563,1,(0.3, 0.3, 0.9)
637852227239118796,1649625923.91188,938563,2,(0.2, 0.2, 1.0)
637852227239228794,1649625923.92288,938563,3,(0.2, 0.2, 1.0)
637852227239338792,1649625923.93388,938563,4,(0.1, 0.2, 1.0)
637852227239458786,1649625923.94588,938563,5,(0.2, 0.2, 1.0)
637852227239558794,1649625923.95588,938563,6,(0.1, 0.2, 1.0)
637852227239668792,1649625923.96688,938563,7,(0.1, 0.2, 1.0)
637852227239788797,1649625923.97888,938563,8,(0.1, 0.2, 1.0)
637852227239898794,1649625923.98988,938563,9,(0.2, 0.2, 1.0)
637852227239998795,1649625923.99988,938563,10,(0.2, 0.2, 1.0)
637852227240118793,1649625924.01188,938563,11,(0.1, 0.2, 1.0)
637852227240228794,1649625924.02288,938563,12,(0.1, 0.2, 1.0)
637852227240338792,1649625924.03388,938563,13,(0.2, 0.2, 1.0)
637852227240448786,1649625924.04488,938563,14,(0.2, 0.2, 1.0)
637852227240558793,1649625924.05588,938563,15,(0.2, 0.2, 1.0)
637852227240668794,1649625924.06688,938563,16,(0.2, 0.2, 1.0)
637852227240778793,1649625924.07788,938563,17,(0.2, 0.2, 1.0)
637852227240898785,1649625924.08988,938563,18,(0.2, 0.2, 1.0)
637852227241008789,1649625924.10088,938563,19,(0.2, 0.2, 1.0)
637852227241118791,1649625924.11188,938563,20,(0.2, 0.2, 1.0)
637852227241228797,1649625924.12288,938563,21,(0.2, 0.2, 1.0)
637852227241338791,1649625924.13388,938563,22,(0.2, 0.2, 1.0)
637852227241448785,1649625924.14488,938563,23,(0.2, 0.2, 1.0)
637852227241558797,1649625924.15588,938563,24,(0.2, 0.2, 1.0)
637852227241668793,1649625924.16688,938563,25,(0.2, 0.2, 1.0)
637852227241788784,1649625924.17888,938563,26,(0.2, 0.2, 1.0)
637852227241898783,1649625924.18988,938563,27,(0.1, 0.2, 1.0)
637852227241998794,1649625924.19988,938563,28,(0.1, 0.2, 1.0)
637852227242118791,1649625924.21188,938563,29,(0.2, 0.2, 1.0)
637852227242228802,1649625924.22288,938563,30,(0.2, 0.2, 1.0)
637852227242338786,1649625924.23388,938563,31,(0.2, 0.2, 1.0)
637852227242448783,1649625924.24488,938563,32,(0.2, 0.2, 1.0)
637852227242558792,1649625924.25588,938563,33,(0.2, 0.2, 1.0)
637852227242668790,1649625924.26688,938563,34,(0.2, 0.2, 1.0)
637852227242778790,1649625924.27788,938563,35,(0.2, 0.2, 1.0)
637852227242888790,1649625924.28888,938563,36,(0.2, 0.2, 1.0)
637852227242998790,1649625924.29988,938563,37,(0.2, 0.2, 1.0)
637852227243118793,1649625924.31188,938563,38,(0.2, 0.3, 1.0)
637852227243228787,1649625924.32288,938563,39,(0.2, 0.2, 1.0)
637852227243348794,1649625924.33488,938563,40,(0.2, 0.3, 1.0)
637852227243488792,1649625924.34888,938563,41,(0.2, 0.3, 1.0)
637852227243568782,1649625924.35688,938563,42,(0.2, 0.3, 1.0)
637852227243678783,1649625924.36788,938563,43,(0.2, 0.2, 1.0)
637852227243788783,1649625924.37888,938563,44,(0.2, 0.2, 1.0)
637852227243888787,1649625924.38888,938563,45,(0.2, 0.2, 1.0)
637852227243998785,1649625924.39988,938563,46,(0.2, 0.2, 1.0)
637852227244118781,1649625924.41188,938563,47,(0.2, 0.2, 1.0)
637852227244238789,1649625924.42388,938563,48,(0.2, 0.2, 1.0)
637852227244338791,1649625924.43388,938563,49,(0.1, 0.2, 1.0)
637852227244448792,1649625924.44488,938563,50,(0.1, 0.2, 1.0)
637852227244558790,1649625924.45588,938563,51,(0.1, 0.3, 1.0)
637852227244668786,1649625924.46688,938563,52,(0.0, 0.1, 1.0)
637852227244778783,1649625924.47788,938563,53,(0.1, 0.2, 1.0)
637852227244898786,1649625924.48988,938563,54,(0.1, 0.0, 1.0)
637852227245008795,1649625924.50088,938563,55,(0.1, 0.0, 1.0)
637852227245118789,1649625924.51188,938563,56,(0.1, 0.1, 1.0)
637852227245228789,1649625924.52288,938563,57,(0.1, 0.1, 1.0)
637852227245338791,1649625924.53388,938563,58,(0.1, 0.2, 1.0)
637852227245448789,1649625924.54488,938563,59,(0.1, 0.2, 1.0)
637852227245558782,1649625924.55588,938563,60,(0.2, 0.2, 1.0)
637852227245678792,1649625924.56788,938563,61,(0.1, 0.2, 1.0)
637852227245788790,1649625924.57888,938563,62,(0.1, 0.2, 1.0)
637852227245898789,1649625924.58988,938563,63,(0.1, 0.2, 1.0)
637852227246008793,1649625924.60088,938563,64,(0.1, 0.2, 1.0)
637852227246118789,1649625924.61188,938563,65,(0.1, 0.2, 1.0)
637852227246228786,1649625924.62288,938563,66,(0.1, 0.2, 1.0)
637852227246338786,1649625924.63388,938563,67,(0.1, 0.2, 1.0)
637852227246448786,1649625924.64488,938563,68,(0.1, 0.2, 1.0)
637852227246568782,1649625924.65688,938563,69,(0.1, 0.2, 1.0)
637852227246668788,1649625924.66688,938563,70,(0.1, 0.2, 1.0)
637852227246788781,1649625924.67888,938563,71,(0.1, 0.2, 1.0)
637852227246898786,1649625924.68988,938563,72,(0.1, 0.2, 1.0)
637852227247008807,1649625924.70088,938563,73,(0.1, 0.2, 1.0)
637852227247118778,1649625924.71188,938563,74,(0.1, 0.2, 1.0)
637852227247228780,1649625924.72288,938563,75,(0.1, 0.2, 1.0)
637852227247338788,1649625924.73388,938563,76,(0.1, 0.2, 1.0)
637852227247448792,1649625924.74488,938563,77,(0.1, 0.2, 1.0)
637852227247558785,1649625924.75588,938563,78,(0.1, 0.2, 1.0)
637852227247668780,1649625924.76688,938563,79,(0.1, 0.2, 1.0)
637852227247778780,1649625924.77788,938563,80,(0.1, 0.2, 1.0)
637852227247898788,1649625924.78988,938563,81,(0.1, 0.2, 1.0)
637852227248048788,1649625924.80488,938563,82,(0.1, 0.2, 1.0)
637852227248048788,1649625924.80488,938563,83,(0.1, 0.2, 1.0)
637852227248228783,1649625924.82288,938563,84,(0.1, 0.2, 1.0)
637852227248338783,1649625924.83388,938563,85,(0.1, 0.2, 1.0)
637852227248448784,1649625924.84488,938563,86,(0.1, 0.2, 1.0)
637852227248558781,1649625924.85588,938563,87,(0.1, 0.2, 1.0)
637852227248668785,1649625924.86688,938563,88,(0.1, 0.2, 1.0)
637852227248778786,1649625924.87788,938563,89,(0.1, 0.2, 1.0)
637852227248898794,1649625924.88988,938563,90,(0.1, 0.2, 1.0)
637852227248998785,1649625924.89988,938563,91,(0.1, 0.2, 1.0)
637852227249118776,1649625924.91188,938563,92,(0.1, 0.2, 1.0)
637852227249228776,1649625924.92288,938563,93,(0.1, 0.2, 1.0)
637852227249338779,1649625924.93388,938563,94,(0.1, 0.2, 1.0)
637852227249448785,1649625924.94488,938563,95,(0.1, 0.2, 1.0)
637852227249558785,1649625924.95588,938563,96,(0.1, 0.2, 1.0)
637852227249678779,1649625924.96788,938563,97,(0.1, 0.2, 1.0)
637852227249778784,1649625924.97788,938563,98,(0.1, 0.2, 1.0)
637852227249898784,1649625924.98988,938563,99,(0.1, 0.2, 1.0)
637852227250008790,1649625925.00088,938563,100,(0.1, 0.2, 1.0)
637852227250118777,1649625925.01188,938563,101,(0.1, 0.2, 1.0)
637852227250228786,1649625925.02288,938563,102,(0.1, 0.2, 1.0)
637852227250338783,1649625925.03388,938563,103,(0.1, 0.2, 1.0)
637852227250448777,1649625925.04488,938563,104,(0.1, 0.2, 1.0)
637852227250558785,1649625925.05588,938563,105,(0.1, 0.2, 1.0)
637852227250668786,1649625925.06688,938563,106,(0.1, 0.2, 1.0)
637852227250788776,1649625925.07888,938563,107,(0.1, 0.2, 1.0)
637852227250898775,1649625925.08988,938563,108,(0.1, 0.2, 1.0)
637852227250998782,1649625925.09988,938563,109,(0.1, 0.2, 1.0)
637852227251118775,1649625925.11188,938563,110,(0.1, 0.2, 1.0)
637852227251228784,1649625925.12288,938563,111,(0.1, 0.2, 1.0)
637852227251338783,1649625925.13388,938563,112,(0.1, 0.2, 1.0)
637852227251448778,1649625925.14488,938563,113,(0.1, 0.2, 1.0)
637852227251558785,1649625925.15588,938563,114,(0.1, 0.2, 1.0)
637852227251668775,1649625925.16688,938563,115,(0.1, 0.2, 1.0)
637852227251788785,1649625925.17888,938563,116,(0.1, 0.2, 1.0)
637852227251898775,1649625925.18988,938563,117,(0.1, 0.2, 1.0)
637852227252008778,1649625925.20088,938563,118,(0.1, 0.2, 1.0)
637852227252118784,1649625925.21188,938563,119,(0.1, 0.2, 1.0)
637852227252228776,1649625925.22288,938563,120,(0.1, 0.2, 1.0)
637852227252338784,1649625925.23388,938563,121,(0.1, 0.2, 1.0)
637852227252448802,1649625925.24488,938563,122,(0.1, 0.2, 1.0)
637852227252598781,1649625925.25988,938563,123,(0.1, 0.2, 1.0)
637852227252678782,1649625925.26788,938563,124,(0.1, 0.2, 1.0)
637852227252778782,1649625925.27788,938563,125,(0.1, 0.2, 1.0)
637852227252888775,1649625925.28888,938563,126,(0.1, 0.2, 1.0)
637852227252998779,1649625925.29988,938563,127,(0.1, 0.2, 1.0)
637852227253118776,1649625925.31188,938563,128,(0.1, 0.2, 1.0)
637852227253228783,1649625925.32288,938563,129,(0.1, 0.2, 1.0)
637852227253338780,1649625925.33388,938563,130,(0.1, 0.2, 1.0)
637852227253458786,1649625925.34588,938563,131,(0.1, 0.2, 1.0)
637852227253568774,1649625925.35688,938563,132,(0.1, 0.2, 1.0)
637852227253668784,1649625925.36688,938563,133,(0.1, 0.2, 1.0)
637852227253778778,1649625925.37788,938563,134,(0.1, 0.2, 1.0)
637852227253898782,1649625925.38988,938563,135,(0.1, 0.2, 1.0)
637852227254008772,1649625925.40088,938563,136,(0.1, 0.2, 1.0)
637852227254118780,1649625925.41188,938563,137,(0.1, 0.2, 1.0)
637852227254228777,1649625925.42288,938563,138,(0.1, 0.2, 1.0)
637852227254338781,1649625925.43388,938563,139,(0.1, 0.2, 1.0)
637852227254448784,1649625925.44488,938563,140,(0.1, 0.2, 1.0)
637852227254558779,1649625925.45588,938563,141,(0.1, 0.2, 1.0)
637852227254668780,1649625925.46688,938563,142,(0.1, 0.2, 1.0)
637852227254788783,1649625925.47888,938563,143,(0.1, 0.2, 1.0)
637852227254898780,1649625925.48988,938563,144,(0.1, 0.2, 1.0)
637852227255018772,1649625925.50188,938563,145,(0.1, 0.2, 1.0)
637852227255118992,1649625925.5119,938563,146,(0.1, 0.2, 1.0)
637852227255229102,1649625925.52291,938563,147,(0.1, 0.2, 1.0)
637852227255338775,1649625925.53388,938563,148,(0.1, 0.2, 1.0)
637852227255448776,1649625925.54488,938563,149,(0.1, 0.2, 1.0)
637852227255558783,1649625925.55588,938563,150,(0.1, 0.2, 1.0)
637852227255668778,1649625925.56688,938563,151,(0.1, 0.2, 1.0)
637852227255788778,1649625925.57888,938563,152,(0.1, 0.2, 1.0)
637852227255898778,1649625925.58988,938563,153,(0.1, 0.2, 1.0)
637852227256008782,1649625925.60088,938563,154,(0.1, 0.2, 1.0)
637852227256118776,1649625925.61188,938563,155,(0.1, 0.2, 1.0)
637852227256228781,1649625925.62288,938563,156,(0.1, 0.2, 1.0)
637852227256338779,1649625925.63388,938563,157,(0.1, 0.2, 1.0)
637852227256448778,1649625925.64488,938563,158,(0.1, 0.2, 1.0)
637852227256558779,1649625925.65588,938563,159,(0.1, 0.2, 1.0)
637852227256668777,1649625925.66688,938563,160,(0.1, 0.2, 1.0)
637852227256778780,1649625925.67788,938563,161,(0.1, 0.2, 1.0)
637852227256888770,1649625925.68888,938563,162,(0.1, 0.2, 1.0)
637852227257008776,1649625925.70088,938563,163,(0.1, 0.2, 1.0)
637852227257148785,1649625925.71488,938563,164,(0.1, 0.2, 1.0)
637852227257238769,1649625925.72388,938563,165,(0.1, 0.2, 1.0)
637852227257348776,1649625925.73488,938563,166,(0.1, 0.2, 1.0)
637852227257458772,1649625925.74588,938563,167,(0.1, 0.2, 1.0)
637852227257568774,1649625925.75688,938563,168,(0.1, 0.2, 1.0)
637852227257668773,1649625925.76688,938563,169,(0.1, 0.2, 1.0)
637852227257788774,1649625925.77888,938563,170,(0.1, 0.2, 1.0)
637852227257898769,1649625925.78988,938563,171,(0.1, 0.2, 1.0)
637852227258009251,1649625925.80093,938563,172,(0.1, 0.2, 1.0)
637852227258128774,1649625925.81288,938563,173,(0.1, 0.2, 1.0)
637852227258238769,1649625925.82388,938563,174,(0.1, 0.2, 1.0)
637852227258338778,1649625925.83388,938563,175,(0.1, 0.2, 1.0)
637852227258448775,1649625925.84488,938563,176,(0.1, 0.2, 1.0)
637852227258559017,1649625925.8559,938563,177,(0.1, 0.2, 1.0)
637852227258668771,1649625925.86688,938563,178,(0.1, 0.2, 1.0)
637852227258778775,1649625925.87788,938563,179,(0.1, 0.2, 1.0)
637852227258898781,1649625925.88988,938563,180,(0.1, 0.2, 1.0)
637852227259008782,1649625925.90088,938563,181,(0.1, 0.2, 1.0)
637852227259118778,1649625925.91188,938563,182,(0.1, 0.2, 1.0)
637852227259228780,1649625925.92288,938563,183,(0.1, 0.2, 1.0)
637852227259338770,1649625925.93388,938563,184,(0.1, 0.2, 1.0)
637852227259448774,1649625925.94488,938563,185,(0.1, 0.2, 1.0)
637852227259558775,1649625925.95588,938563,186,(0.1, 0.2, 1.0)
637852227259668774,1649625925.96688,938563,187,(0.1, 0.2, 1.0)
637852227259788767,1649625925.97888,938563,188,(0.1, 0.2, 1.0)
637852227259898783,1649625925.98988,938563,189,(0.1, 0.2, 1.0)
637852227260018776,1649625926.00188,938563,190,(0.1, 0.2, 1.0)
637852227260118771,1649625926.01188,938563,191,(0.1, 0.2, 1.0)
637852227260228776,1649625926.02288,938563,192,(0.1, 0.2, 1.0)
637852227260338767,1649625926.03388,938563,193,(0.1, 0.2, 1.0)
637852227260448765,1649625926.04488,938563,194,(0.1, 0.2, 1.0)
637852227260558779,1649625926.05588,938563,195,(0.1, 0.2, 1.0)
637852227260668776,1649625926.06688,938563,196,(0.1, 0.2, 1.0)
637852227260778767,1649625926.07788,938563,197,(0.1, 0.2, 1.0)
637852227260898770,1649625926.08988,938563,198,(0.1, 0.2, 1.0)
637852227261008775,1649625926.10088,938563,199,(0.1, 0.2, 1.0)
637852227261118767,1649625926.11188,938563,200,(0.1, 0.2, 1.0)
637852227261228775,1649625926.12288,938563,201,(0.1, 0.2, 1.0)
637852227261338778,1649625926.13388,938563,202,(0.1, 0.2, 1.0)
637852227261448774,1649625926.14488,938563,203,(0.1, 0.2, 1.0)
637852227261568773,1649625926.15688,938563,204,(0.1, 0.2, 1.0)
637852227261718772,1649625926.17188,938563,205,(0.1, 0.2, 1.0)
637852227261718772,1649625926.17188,938563,206,(0.1, 0.2, 1.0)
637852227261908772,1649625926.19088,938563,207,(0.1, 0.2, 1.0)
637852227262008772,1649625926.20088,938563,208,(0.1, 0.2, 1.0)
637852227262118774,1649625926.21188,938563,209,(0.1, 0.2, 1.0)
637852227262228780,1649625926.22288,938563,210,(0.1, 0.2, 1.0)
637852227262338771,1649625926.23388,938563,211,(0.1, 0.2, 1.0)
637852227262458767,1649625926.24588,938563,212,(0.1, 0.2, 1.0)
637852227262568771,1649625926.25688,938563,213,(0.1, 0.2, 1.0)
637852227262678770,1649625926.26788,938563,214,(0.1, 0.2, 1.0)
637852227262788767,1649625926.27888,938563,215,(0.1, 0.2, 1.0)
637852227262908768,1649625926.29088,938563,216,(0.1, 0.2, 1.0)
637852227263008998,1649625926.3009,938563,217,(0.1, 0.2, 1.0)
637852227263118769,1649625926.31188,938563,218,(0.1, 0.2, 1.0)
637852227263228992,1649625926.3229,938563,219,(0.1, 0.2, 1.0)
637852227263338769,1649625926.33388,938563,220,(0.1, 0.2, 1.0)
637852227263449043,1649625926.3449,938563,221,(0.1, 0.2, 1.0)
637852227263568772,1649625926.35688,938563,222,(0.1, 0.2, 1.0)
637852227263678766,1649625926.36788,938563,223,(0.1, 0.2, 1.0)
637852227263788763,1649625926.37888,938563,224,(0.1, 0.2, 1.0)
637852227263898776,1649625926.38988,938563,225,(0.1, 0.2, 1.0)
637852227264008775,1649625926.40088,938563,226,(0.1, 0.2, 1.0)
637852227264118774,1649625926.41188,938563,227,(0.1, 0.2, 1.0)
637852227264228772,1649625926.42288,938563,228,(0.1, 0.2, 1.0)
637852227264338773,1649625926.43388,938563,229,(0.1, 0.2, 1.0)
637852227264448771,1649625926.44488,938563,230,(0.1, 0.2, 1.0)
637852227264558769,1649625926.45588,938563,231,(0.1, 0.2, 1.0)
637852227264668767,1649625926.46688,938563,232,(0.1, 0.2, 1.0)
637852227264788770,1649625926.47888,938563,233,(0.1, 0.2, 1.0)
637852227264898770,1649625926.48988,938563,234,(0.1, 0.2, 1.0)
637852227265008766,1649625926.50088,938563,235,(0.1, 0.2, 1.0)
637852227265118772,1649625926.51188,938563,236,(0.1, 0.2, 1.0)
637852227265228767,1649625926.52288,938563,237,(0.1, 0.2, 1.0)
637852227265338771,1649625926.53388,938563,238,(0.1, 0.2, 1.0)
637852227265448772,1649625926.54488,938563,239,(0.1, 0.2, 1.0)
637852227265558767,1649625926.55588,938563,240,(0.1, 0.2, 1.0)
637852227265678768,1649625926.56788,938563,241,(0.1, 0.2, 1.0)
637852227265788771,1649625926.57888,938563,242,(0.1, 0.2, 1.0)
637852227265898767,1649625926.58988,938563,243,(0.1, 0.2, 1.0)
637852227266008769,1649625926.60088,938563,244,(0.1, 0.2, 1.0)
637852227266118769,1649625926.61188,938563,245,(0.1, 0.2, 1.0)
637852227266268778,1649625926.62688,938563,246,(0.1, 0.2, 1.0)
637852227266278762,1649625926.62788,938563,247,(0.1, 0.2, 1.0)
637852227266448765,1649625926.64488,938563,248,(0.1, 0.2, 1.0)
637852227266568764,1649625926.65688,938563,249,(0.1, 0.2, 1.0)
637852227266678772,1649625926.66788,938563,250,(0.1, 0.2, 1.0)
637852227266778772,1649625926.67788,938563,251,(0.1, 0.2, 1.0)
637852227266898779,1649625926.68988,938563,252,(0.1, 0.2, 1.0)
637852227267008770,1649625926.70088,938563,253,(0.1, 0.2, 1.0)
637852227267118768,1649625926.71188,938563,254,(0.1, 0.2, 1.0)
637852227267238767,1649625926.72388,938563,255,(0.1, 0.2, 1.0)
637852227267348774,1649625926.73488,938563,256,(0.1, 0.2, 1.0)
637852227267458771,1649625926.74588,938563,257,(0.1, 0.2, 1.0)
637852227267568759,1649625926.75688,938563,258,(0.1, 0.2, 1.0)
637852227267678769,1649625926.76788,938563,259,(0.1, 0.2, 1.0)
637852227267788771,1649625926.77888,938563,260,(0.1, 0.2, 1.0)
637852227267898762,1649625926.78988,938563,261,(0.1, 0.2, 1.0)
637852227268008770,1649625926.80088,938563,262,(0.1, 0.2, 1.0)
637852227268118770,1649625926.81188,938563,263,(0.1, 0.2, 1.0)
637852227268228770,1649625926.82288,938563,264,(0.1, 0.2, 1.0)
637852227268338767,1649625926.83388,938563,265,(0.1, 0.2, 1.0)
637852227268458779,1649625926.84588,938563,266,(0.1, 0.2, 1.0)
637852227268568765,1649625926.85688,938563,267,(0.1, 0.2, 1.0)
637852227268668762,1649625926.86688,938563,268,(0.1, 0.2, 1.0)
637852227268788767,1649625926.87888,938563,269,(0.1, 0.2, 1.0)
637852227268898768,1649625926.88988,938563,270,(0.1, 0.2, 1.0)
637852227269008762,1649625926.90088,938563,271,(0.1, 0.2, 1.0)
637852227269118764,1649625926.91188,938563,272,(0.1, 0.2, 1.0)
637852227269228759,1649625926.92288,938563,273,(0.1, 0.2, 1.0)
637852227269349086,1649625926.93491,938563,274,(0.1, 0.2, 1.0)
637852227269448763,1649625926.94488,938563,275,(0.1, 0.2, 1.0)
637852227269568762,1649625926.95688,938563,276,(0.1, 0.2, 1.0)
637852227269678764,1649625926.96788,938563,277,(0.1, 0.2, 1.0)
637852227269788778,1649625926.97888,938563,278,(0.1, 0.2, 1.0)
637852227269898760,1649625926.98988,938563,279,(0.1, 0.2, 1.0)
637852227270008763,1649625927.00088,938563,280,(0.1, 0.2, 1.0)
637852227270118768,1649625927.01188,938563,281,(0.1, 0.2, 1.0)
637852227270228767,1649625927.02288,938563,282,(0.1, 0.2, 1.0)
637852227270338873,1649625927.03389,938563,283,(0.1, 0.2, 1.0)
637852227270448768,1649625927.04488,938563,284,(0.1, 0.2, 1.0)
637852227270568759,1649625927.05688,938563,285,(0.1, 0.2, 1.0)
637852227270678771,1649625927.06788,938563,286,(0.1, 0.2, 1.0)
637852227270819019,1649625927.0819,938563,287,(0.1, 0.2, 1.0)
637852227270908763,1649625927.09088,938563,288,(0.1, 0.2, 1.0)
637852227271008761,1649625927.10088,938563,289,(0.1, 0.2, 1.0)
637852227271119042,1649625927.1119,938563,290,(0.1, 0.2, 1.0)
637852227271229002,1649625927.1229,938563,291,(0.1, 0.2, 1.0)
637852227271339023,1649625927.1339,938563,292,(0.1, 0.2, 1.0)
637852227271449081,1649625927.14491,938563,293,(0.1, 0.2, 1.0)
637852227271558767,1649625927.15588,938563,294,(0.1, 0.2, 1.0)
637852227271678762,1649625927.16788,938563,295,(0.1, 0.2, 1.0)
637852227271788761,1649625927.17888,938563,296,(0.1, 0.2, 1.0)
637852227271899031,1649625927.1899,938563,297,(0.1, 0.2, 1.0)
637852227272008763,1649625927.20088,938563,298,(0.1, 0.2, 1.0)
637852227272119172,1649625927.21192,938563,299,(0.0, 0.2, 1.0)
637852227272228921,1649625927.22289,938563,300,(0.0, 0.2, 1.0)
637852227272339022,1649625927.2339,938563,301,(0.0, 0.2, 1.0)
637852227272448760,1649625927.24488,938563,302,(0.0, 0.2, 1.0)
637852227272568763,1649625927.25688,938563,303,(0.0, 0.2, 1.0)
637852227272678768,1649625927.26788,938563,304,(0.0, 0.2, 1.0)
637852227272788758,1649625927.27888,938563,305,(0.0, 0.2, 1.0)
637852227272898767,1649625927.28988,938563,306,(0.0, 0.2, 1.0)
637852227273008762,1649625927.30088,938563,307,(0.0, 0.2, 1.0)
637852227273118764,1649625927.31188,938563,308,(0.0, 0.2, 1.0)
637852227273228757,1649625927.32288,938563,309,(0.0, 0.2, 1.0)
637852227273338758,1649625927.33388,938563,310,(0.0, 0.2, 1.0)
637852227273458766,1649625927.34588,938563,311,(0.0, 0.2, 1.0)
637852227273568784,1649625927.35688,938563,312,(0.0, 0.2, 1.0)
637852227273668757,1649625927.36688,938563,313,(0.0, 0.2, 1.0)
637852227273788756,1649625927.37888,938563,314,(0.0, 0.2, 1.0)
637852227273898766,1649625927.38988,938563,315,(0.0, 0.2, 1.0)
637852227274028787,1649625927.40288,938563,316,(0.0, 0.2, 1.0)
637852227274118759,1649625927.41188,938563,317,(0.0, 0.2, 1.0)
637852227274238765,1649625927.42388,938563,318,(0.0, 0.2, 1.0)
637852227274338759,1649625927.43388,938563,319,(0.0, 0.2, 1.0)
637852227274448764,1649625927.44488,938563,320,(0.0, 0.2, 1.0)
637852227274558755,1649625927.45588,938563,321,(0.0, 0.2, 1.0)
637852227274668765,1649625927.46688,938563,322,(0.0, 0.2, 1.0)
637852227274788768,1649625927.47888,938563,323,(0.0, 0.2, 1.0)
637852227274899100,1649625927.48991,938563,324,(0.0, 0.2, 1.0)
637852227275008762,1649625927.50088,938563,325,(0.0, 0.2, 1.0)
637852227275128983,1649625927.5129,938563,326,(0.0, 0.2, 1.0)
637852227275228757,1649625927.52288,938563,327,(0.0, 0.2, 1.0)
637852227275348754,1649625927.53488,938563,328,(0.0, 0.2, 1.0)
637852227275448972,1649625927.5449,938563,329,(0.0, 0.2, 1.0)
637852227275568755,1649625927.55688,938563,330,(0.0, 0.2, 1.0)
637852227275678981,1649625927.5679,938563,331,(0.0, 0.2, 1.0)
637852227275788757,1649625927.57888,938563,332,(0.0, 0.2, 1.0)
637852227275898751,1649625927.58988,938563,333,(0.0, 0.2, 1.0)
637852227276008765,1649625927.60088,938563,334,(0.0, 0.2, 1.0)
637852227276118753,1649625927.61188,938563,335,(0.0, 0.2, 1.0)
637852227276228761,1649625927.62288,938563,336,(0.0, 0.2, 1.0)
637852227276338760,1649625927.63388,938563,337,(0.0, 0.2, 1.0)
637852227276448758,1649625927.64488,938563,338,(0.0, 0.2, 1.0)
637852227276568756,1649625927.65688,938563,339,(0.0, 0.2, 1.0)
637852227276668756,1649625927.66688,938563,340,(0.0, 0.2, 1.0)
637852227276788762,1649625927.67888,938563,341,(0.0, 0.2, 1.0)
637852227276898763,1649625927.68988,938563,342,(0.0, 0.2, 1.0)
637852227277008759,1649625927.70088,938563,343,(0.0, 0.2, 1.0)
637852227277118764,1649625927.71188,938563,344,(0.0, 0.2, 1.0)
637852227277228758,1649625927.72288,938563,345,(0.0, 0.2, 1.0)
637852227277338748,1649625927.73387,938563,346,(0.0, 0.2, 1.0)
637852227277448759,1649625927.74488,938563,347,(0.0, 0.2, 1.0)
637852227277558761,1649625927.75588,938563,348,(0.0, 0.2, 1.0)
637852227277668758,1649625927.76688,938563,349,(0.0, 0.2, 1.0)
637852227277778757,1649625927.77788,938563,350,(0.0, 0.1, 1.0)
637852227277898761,1649625927.78988,938563,351,(-0.1, 0.2, 1.0)
637852227278008751,1649625927.80088,938563,352,(-0.1, 0.2, 1.0)
637852227278118753,1649625927.81188,938563,353,(-0.2, 0.2, 1.0)
637852227278228749,1649625927.82287,938563,354,(-0.2, 0.2, 1.0)
637852227278338752,1649625927.83388,938563,355,(-0.2, 0.2, 1.0)
637852227278448749,1649625927.84487,938563,356,(-0.2, 0.2, 1.0)
637852227278558750,1649625927.85588,938563,357,(-0.2, 0.2, 1.0)
637852227278678765,1649625927.86788,938563,358,(-0.2, 0.2, 1.0)
637852227278788763,1649625927.87888,938563,359,(-0.2, 0.2, 1.0)
637852227278898750,1649625927.88987,938563,360,(-0.2, 0.2, 1.0)
637852227279008761,1649625927.90088,938563,361,(-0.1, 0.2, 1.0)
637852227279118754,1649625927.91188,938563,362,(-0.1, 0.2, 1.0)
637852227279228757,1649625927.92288,938563,363,(-0.1, 0.2, 1.0)
637852227279338763,1649625927.93388,938563,364,(-0.1, 0.2, 1.0)
637852227279448757,1649625927.94488,938563,365,(-0.1, 0.2, 1.0)
637852227279568758,1649625927.95688,938563,366,(-0.1, 0.2, 1.0)
637852227279678757,1649625927.96788,938563,367,(-0.1, 0.2, 1.0)
637852227279778758,1649625927.97788,938563,368,(-0.1, 0.2, 1.0)
637852227279908756,1649625927.99088,938563,369,(-0.1, 0.2, 1.0)
637852227280008763,1649625928.00088,938563,370,(-0.1, 0.2, 1.0)
637852227280118748,1649625928.01187,938563,371,(-0.1, 0.2, 1.0)
637852227280238758,1649625928.02388,938563,372,(-0.1, 0.2, 1.0)
637852227280338755,1649625928.03388,938563,373,(-0.1, 0.2, 1.0)
637852227280448757,1649625928.04488,938563,374,(-0.1, 0.2, 1.0)
637852227280558754,1649625928.05588,938563,375,(-0.1, 0.2, 1.0)
637852227280668750,1649625928.06688,938563,376,(0.0, 0.2, 1.0)
637852227280778747,1649625928.07787,938563,377,(0.0, 0.2, 1.0)
637852227280898757,1649625928.08988,938563,378,(0.0, 0.2, 1.0)
637852227281008748,1649625928.10087,938563,379,(0.0, 0.2, 1.0)
637852227281118759,1649625928.11188,938563,380,(0.0, 0.2, 1.0)
637852227281228746,1649625928.12287,938563,381,(0.0, 0.2, 1.0)
637852227281338748,1649625928.13387,938563,382,(0.0, 0.2, 1.0)
637852227281448748,1649625928.14487,938563,383,(-0.1, 0.2, 1.0)
637852227281558745,1649625928.15587,938563,384,(-0.1, 0.2, 1.0)
637852227281678751,1649625928.16788,938563,385,(0.0, 0.2, 1.0)
637852227281788752,1649625928.17888,938563,386,(-0.1, 0.2, 1.0)
637852227281898799,1649625928.18988,938563,387,(-0.1, 0.2, 1.0)
637852227282008754,1649625928.20088,938563,388,(0.0, 0.2, 1.0)
637852227282118756,1649625928.21188,938563,389,(-0.1, 0.2, 1.0)
637852227282228754,1649625928.22288,938563,390,(0.0, 0.2, 1.0)
637852227282338758,1649625928.23388,938563,391,(0.0, 0.2, 1.0)
637852227282448745,1649625928.24487,938563,392,(0.0, 0.2, 1.0)
637852227282568757,1649625928.25688,938563,393,(0.0, 0.2, 1.0)
637852227282678756,1649625928.26788,938563,394,(0.0, 0.2, 1.0)
637852227282788760,1649625928.27888,938563,395,(0.0, 0.1, 1.0)
637852227282898754,1649625928.28988,938563,396,(0.0, 0.2, 1.0)
637852227282998752,1649625928.29988,938563,397,(0.0, 0.2, 1.0)
637852227283118748,1649625928.31187,938563,398,(-0.1, 0.2, 1.0)
637852227283228752,1649625928.32288,938563,399,(0.0, 0.2, 1.0)
637852227283338757,1649625928.33388,938563,400,(0.0, 0.2, 1.0)
637852227283448754,1649625928.34488,938563,401,(0.0, 0.2, 1.0)
637852227283558746,1649625928.35587,938563,402,(0.0, 0.2, 1.0)
637852227283678753,1649625928.36788,938563,403,(0.0, 0.2, 1.0)
637852227283778750,1649625928.37787,938563,404,(0.0, 0.2, 1.0)
637852227283898746,1649625928.38987,938563,405,(0.0, 0.2, 1.0)
637852227284008753,1649625928.40088,938563,406,(0.0, 0.2, 1.0)
637852227284128756,1649625928.41288,938563,407,(0.0, 0.2, 1.0)
637852227284238752,1649625928.42388,938563,408,(0.0, 0.2, 1.0)
637852227284338745,1649625928.43387,938563,409,(0.0, 0.2, 1.0)
637852227284458760,1649625928.44588,938563,410,(0.0, 0.2, 1.0)
637852227284558751,1649625928.45588,938563,411,(0.1, 0.2, 1.0)
637852227284668746,1649625928.46687,938563,412,(0.1, 0.1, 1.0)
637852227284788754,1649625928.47888,938563,413,(0.1, 0.2, 1.0)
637852227284898755,1649625928.48988,938563,414,(0.1, 0.2, 1.0)
637852227285008756,1649625928.50088,938563,415,(0.1, 0.2, 1.0)
637852227285128760,1649625928.51288,938563,416,(0.1, 0.2, 1.0)
637852227285228750,1649625928.52287,938563,417,(0.1, 0.2, 1.0)
637852227285338752,1649625928.53388,938563,418,(0.1, 0.2, 1.0)
637852227285448754,1649625928.54488,938563,419,(0.1, 0.2, 1.0)
637852227285558751,1649625928.55588,938563,420,(0.1, 0.2, 1.0)
637852227285678745,1649625928.56787,938563,421,(0.1, 0.2, 1.0)
637852227285788752,1649625928.57888,938563,422,(0.1, 0.2, 1.0)
637852227285898752,1649625928.58988,938563,423,(0.1, 0.2, 1.0)
637852227286008744,1649625928.60087,938563,424,(0.1, 0.2, 1.0)
637852227286118750,1649625928.61187,938563,425,(0.1, 0.2, 1.0)
637852227286228754,1649625928.62288,938563,426,(0.2, 0.2, 1.0)
637852227286338750,1649625928.63387,938563,427,(0.1, 0.2, 1.0)
637852227286458751,1649625928.64588,938563,428,(0.1, 0.2, 1.0)
637852227286568752,1649625928.65688,938563,429,(0.2, 0.2, 1.0)
637852227286698751,1649625928.66988,938563,430,(0.2, 0.2, 1.0)
637852227286788741,1649625928.67887,938563,431,(0.2, 0.2, 1.0)
637852227286898749,1649625928.68987,938563,432,(0.2, 0.2, 1.0)
637852227287008744,1649625928.70087,938563,433,(0.2, 0.2, 1.0)
637852227287118749,1649625928.71187,938563,434,(0.2, 0.2, 1.0)
637852227287228750,1649625928.72287,938563,435,(0.2, 0.2, 1.0)
637852227287338748,1649625928.73387,938563,436,(0.1, 0.2, 1.0)
637852227287458749,1649625928.74587,938563,437,(0.1, 0.1, 1.0)
637852227287558748,1649625928.75587,938563,438,(0.1, 0.1, 1.0)
637852227287678753,1649625928.76788,938563,439,(0.1, 0.2, 1.0)
637852227287788743,1649625928.77887,938563,440,(0.1, 0.2, 1.0)
637852227287898742,1649625928.78987,938563,441,(0.1, 0.2, 1.0)
637852227288008756,1649625928.80088,938563,442,(0.1, 0.2, 1.0)
637852227288118748,1649625928.81187,938563,443,(0.1, 0.2, 1.0)
637852227288238754,1649625928.82388,938563,444,(0.1, 0.2, 1.0)
637852227288338750,1649625928.83387,938563,445,(0.2, 0.2, 1.0)
637852227288458750,1649625928.84588,938563,446,(0.2, 0.2, 1.0)
637852227288568747,1649625928.85687,938563,447,(0.2, 0.2, 1.0)
637852227288678749,1649625928.86787,938563,448,(0.2, 0.2, 1.0)
637852227288788749,1649625928.87887,938563,449,(0.2, 0.2, 0.9)
637852227288908742,1649625928.89087,938563,450,(0.2, 0.2, 1.0)
637852227289038751,1649625928.90388,938563,451,(0.1, 0.2, 1.0)
637852227289118741,1649625928.91187,938563,452,(0.1, 0.1, 1.0)
637852227289228750,1649625928.92287,938563,453,(0.0, 0.1, 1.0)
637852227289338756,1649625928.93388,938563,454,(0.0, 0.2, 1.0)
637852227289448747,1649625928.94487,938563,455,(0.0, 0.2, 1.0)
637852227289568748,1649625928.95687,938563,456,(0.0, 0.2, 1.0)
637852227289678744,1649625928.96787,938563,457,(0.0, 0.2, 1.0)
637852227289788742,1649625928.97887,938563,458,(0.0, 0.2, 1.0)
637852227289898740,1649625928.98987,938563,459,(0.0, 0.2, 1.0)
637852227290008761,1649625929.00088,938563,460,(0.0, 0.2, 1.0)
637852227290118741,1649625929.01187,938563,461,(0.0, 0.2, 1.0)
637852227290228738,1649625929.02287,938563,462,(0.0, 0.2, 1.0)
637852227290338747,1649625929.03387,938563,463,(0.0, 0.2, 1.0)
637852227290448749,1649625929.04487,938563,464,(0.0, 0.2, 1.0)
637852227290568753,1649625929.05688,938563,465,(0.0, 0.2, 1.0)
637852227290678749,1649625929.06787,938563,466,(0.0, 0.2, 1.0)
637852227290778739,1649625929.07787,938563,467,(0.0, 0.2, 1.0)
637852227290898740,1649625929.08987,938563,468,(0.0, 0.2, 1.0)
637852227291008751,1649625929.10088,938563,469,(0.1, 0.2, 1.0)
637852227291118742,1649625929.11187,938563,470,(0.1, 0.2, 1.0)
637852227291228739,1649625929.12287,938563,471,(0.1, 0.2, 1.0)
637852227291338739,1649625929.13387,938563,472,(0.0, 0.1, 1.0)
637852227291448746,1649625929.14487,938563,473,(0.0, 0.1, 1.0)
637852227291558749,1649625929.15587,938563,474,(-0.1, 0.2, 1.0)
637852227291678740,1649625929.16787,938563,475,(-0.2, 0.2, 1.0)
637852227291788745,1649625929.17887,938563,476,(-0.2, 0.2, 1.0)
637852227291898742,1649625929.18987,938563,477,(-0.2, 0.2, 1.0)
637852227292008751,1649625929.20088,938563,478,(-0.2, 0.3, 0.9)
637852227292118738,1649625929.21187,938563,479,(-0.2, 0.3, 0.9)
637852227292228746,1649625929.22287,938563,480,(-0.2, 0.3, 0.9)
637852227292338749,1649625929.23387,938563,481,(-0.2, 0.3, 0.9)
637852227292448739,1649625929.24487,938563,482,(-0.2, 0.2, 1.0)
637852227292568749,1649625929.25687,938563,483,(-0.2, 0.2, 1.0)
637852227292668739,1649625929.26687,938563,484,(-0.2, 0.2, 1.0)
637852227292788745,1649625929.27887,938563,485,(-0.2, 0.2, 1.0)
637852227292898737,1649625929.28987,938563,486,(-0.2, 0.2, 1.0)
637852227293008744,1649625929.30087,938563,487,(-0.1, 0.2, 1.0)
637852227293118742,1649625929.31187,938563,488,(-0.2, 0.2, 1.0)
637852227293228746,1649625929.32287,938563,489,(-0.2, 0.2, 1.0)
637852227293338736,1649625929.33387,938563,490,(-0.1, 0.2, 1.0)
637852227293448748,1649625929.34487,938563,491,(-0.1, 0.2, 1.0)
637852227293578743,1649625929.35787,938563,492,(-0.1, 0.2, 1.0)
637852227293678743,1649625929.36787,938563,493,(-0.1, 0.2, 1.0)
637852227293788745,1649625929.37887,938563,494,(-0.1, 0.2, 1.0)
637852227293888742,1649625929.38887,938563,495,(-0.1, 0.2, 1.0)
637852227294008748,1649625929.40087,938563,496,(-0.1, 0.2, 1.0)
637852227294118741,1649625929.41187,938563,497,(-0.1, 0.2, 1.0)
637852227294238747,1649625929.42387,938563,498,(-0.1, 0.2, 1.0)
637852227294348739,1649625929.43487,938563,499,(-0.1, 0.2, 1.0)
637852227294458737,1649625929.44587,938563,500,(-0.1, 0.2, 1.0)
637852227294558743,1649625929.45587,938563,501,(-0.1, 0.2, 1.0)
637852227294668742,1649625929.46687,938563,502,(-0.1, 0.2, 1.0)
637852227294788737,1649625929.47887,938563,503,(-0.1, 0.2, 1.0)
637852227294898744,1649625929.48987,938563,504,(-0.1, 0.2, 1.0)
637852227295008742,1649625929.50087,938563,505,(-0.2, 0.1, 1.0)
637852227295128749,1649625929.51287,938563,506,(-0.2, 0.1, 1.0)
637852227295228740,1649625929.52287,938563,507,(-0.4, 0.1, 0.9)
637852227295338735,1649625929.53387,938563,508,(-0.4, 0.3, 0.9)
637852227295448745,1649625929.54487,938563,509,(-0.4, 0.3, 0.9)
637852227295568741,1649625929.55687,938563,510,(-0.4, 0.1, 0.9)
637852227295668738,1649625929.56687,938563,511,(-0.4, 0.1, 0.9)
637852227295788743,1649625929.57887,938563,512,(-0.5, 0.1, 0.9)
637852227295898745,1649625929.58987,938563,513,(-0.5, 0.1, 0.9)
637852227296008734,1649625929.60087,938563,514,(-0.5, 0.2, 0.9)
637852227296118742,1649625929.61187,938563,515,(-0.5, 0.1, 0.9)
637852227296228742,1649625929.62287,938563,516,(-0.5, 0.2, 0.8)
637852227296338738,1649625929.63387,938563,517,(-0.5, 0.2, 0.9)
637852227296448739,1649625929.64487,938563,518,(-0.5, 0.2, 0.9)
637852227296568741,1649625929.65687,938563,519,(-0.5, 0.2, 0.9)
637852227296678744,1649625929.66787,938563,520,(-0.5, 0.2, 0.9)
637852227296788738,1649625929.67887,938563,521,(-0.5, 0.2, 0.9)
637852227296898733,1649625929.68987,938563,522,(-0.5, 0.2, 0.9)
637852227297008733,1649625929.70087,938563,523,(-0.5, 0.2, 0.9)
637852227297118733,1649625929.71187,938563,524,(-0.5, 0.2, 0.9)
637852227297228740,1649625929.72287,938563,525,(-0.5, 0.2, 0.9)
637852227297338739,1649625929.73387,938563,526,(-0.5, 0.2, 0.9)
637852227297448734,1649625929.74487,938563,527,(-0.5, 0.2, 0.9)
637852227297568739,1649625929.75687,938563,528,(-0.5, 0.2, 0.8)
637852227297668740,1649625929.76687,938563,529,(-0.5, 0.2, 0.8)
637852227297788744,1649625929.77887,938563,530,(-0.6, 0.2, 0.8)
637852227297898740,1649625929.78987,938563,531,(-0.6, 0.2, 0.8)
637852227298008735,1649625929.80087,938563,532,(-0.7, 0.2, 0.7)
637852227298138746,1649625929.81387,938563,533,(-0.7, 0.2, 0.7)
637852227298238730,1649625929.82387,938563,534,(-0.6, 0.2, 0.8)
637852227298338743,1649625929.83387,938563,535,(-0.5, 0.3, 0.8)
637852227298448730,1649625929.84487,938563,536,(-0.5, 0.3, 0.8)
637852227298568730,1649625929.85687,938563,537,(-0.5, 0.3, 0.8)
637852227298668740,1649625929.86687,938563,538,(-0.5, 0.4, 0.7)
637852227298788737,1649625929.87887,938563,539,(-0.5, 0.4, 0.7)
637852227298898738,1649625929.88987,938563,540,(-0.5, 0.4, 0.7)
637852227299008733,1649625929.90087,938563,541,(-0.5, 0.2, 0.8)
637852227299128739,1649625929.91287,938563,542,(-0.5, 0.3, 0.8)
637852227299228739,1649625929.92287,938563,543,(-0.5, 0.5, 0.7)
637852227299338732,1649625929.93387,938563,544,(-0.5, 0.2, 0.8)
637852227299448731,1649625929.94487,938563,545,(-0.5, 0.3, 0.8)
637852227299568738,1649625929.95687,938563,546,(-0.6, 0.4, 0.7)
637852227299668740,1649625929.96687,938563,547,(-0.6, 0.4, 0.7)
637852227299788738,1649625929.97887,938563,548,(-0.7, 0.3, 0.7)
637852227299898734,1649625929.98987,938563,549,(-0.6, 0.4, 0.7)
637852227300008737,1649625930.00087,938563,550,(-0.5, 0.3, 0.8)
637852227300118738,1649625930.01187,938563,551,(-0.5, 0.3, 0.8)
637852227300228738,1649625930.02287,938563,552,(-0.5, 0.3, 0.8)
637852227300338738,1649625930.03387,938563,553,(-0.4, 0.2, 0.9)
637852227300458737,1649625930.04587,938563,554,(-0.4, 0.2, 0.9)
637852227300568739,1649625930.05687,938563,555,(-0.5, 0.2, 0.9)
637852227300668731,1649625930.06687,938563,556,(-0.5, 0.3, 0.8)
637852227300778736,1649625930.07787,938563,557,(-0.5, 0.3, 0.8)
637852227300898736,1649625930.08987,938563,558,(-0.5, 0.2, 0.8)
637852227301008730,1649625930.10087,938563,559,(-0.5, 0.3, 0.8)
637852227301118737,1649625930.11187,938563,560,(-0.5, 0.3, 0.8)
637852227301238736,1649625930.12387,938563,561,(-0.5, 0.3, 0.8)
637852227301348734,1649625930.13487,938563,562,(-0.6, 0.3, 0.8)
637852227301448737,1649625930.14487,938563,563,(-0.6, 0.3, 0.8)
637852227301558733,1649625930.15587,938563,564,(-0.6, 0.3, 0.8)
637852227301678739,1649625930.16787,938563,565,(-0.6, 0.3, 0.8)
637852227301788738,1649625930.17887,938563,566,(-0.6, 0.3, 0.8)
637852227301898737,1649625930.18987,938563,567,(-0.6, 0.3, 0.7)
637852227302008729,1649625930.20087,938563,568,(-0.6, 0.3, 0.8)
637852227302118728,1649625930.21187,938563,569,(-0.6, 0.3, 0.8)
637852227302228739,1649625930.22287,938563,570,(-0.6, 0.3, 0.8)
637852227302338734,1649625930.23387,938563,571,(-0.6, 0.3, 0.7)
637852227302448737,1649625930.24487,938563,572,(-0.6, 0.3, 0.7)
637852227302568742,1649625930.25687,938563,573,(-0.6, 0.3, 0.7)
637852227302688738,1649625930.26887,938563,574,(-0.6, 0.3, 0.8)
637852227302788732,1649625930.27887,938563,575,(-0.6, 0.3, 0.8)
637852227302898729,1649625930.28987,938563,576,(-0.6, 0.3, 0.8)
637852227303008732,1649625930.30087,938563,577,(-0.5, 0.3, 0.8)
637852227303118728,1649625930.31187,938563,578,(-0.6, 0.3, 0.8)
637852227303228729,1649625930.32287,938563,579,(-0.5, 0.3, 0.8)
637852227303338727,1649625930.33387,938563,580,(-0.6, 0.3, 0.8)
637852227303448727,1649625930.34487,938563,581,(-0.6, 0.3, 0.8)
637852227303568734,1649625930.35687,938563,582,(-0.6, 0.3, 0.8)
637852227303678727,1649625930.36787,938563,583,(-0.6, 0.3, 0.8)
637852227303788735,1649625930.37887,938563,584,(-0.3, 0.1, 1.0)
637852227303898725,1649625930.38987,938563,585,(-0.4, 0.2, 0.9)
637852227304008739,1649625930.40087,938563,586,(-0.6, 0.3, 0.8)
637852227304118736,1649625930.41187,938563,587,(-0.6, 0.3, 0.8)
637852227304228737,1649625930.42287,938563,588,(-0.6, 0.3, 0.8)
637852227304338726,1649625930.43387,938563,589,(-0.5, 0.3, 0.8)
637852227304448734,1649625930.44487,938563,590,(-0.6, 0.3, 0.8)
637852227304568748,1649625930.45687,938563,591,(-0.6, 0.3, 0.8)
637852227304668727,1649625930.46687,938563,592,(-0.6, 0.3, 0.8)
637852227304788729,1649625930.47887,938563,593,(-0.3, 0.2, 0.9)
637852227304898733,1649625930.48987,938563,594,(-0.4, 0.2, 0.9)
637852227305008726,1649625930.50087,938563,595,(-0.6, 0.3, 0.8)
637852227305118733,1649625930.51187,938563,596,(-0.3, 0.2, 0.9)
637852227305228723,1649625930.52287,938563,597,(-0.3, 0.2, 0.9)
637852227305338734,1649625930.53387,938563,598,(-0.4, 0.2, 0.9)
637852227305448734,1649625930.54487,938563,599,(-0.4, 0.2, 0.9)
637852227305568733,1649625930.55687,938563,600,(-0.4, 0.2, 0.9)
637852227305678732,1649625930.56787,938563,601,(-0.4, 0.2, 0.9)
637852227305788725,1649625930.57887,938563,602,(-0.4, 0.2, 0.9)
637852227305898731,1649625930.58987,938563,603,(-0.4, 0.2, 0.9)
637852227306008726,1649625930.60087,938563,604,(-0.3, 0.2, 0.9)
637852227306118735,1649625930.61187,938563,605,(-0.3, 0.2, 0.9)
637852227306228733,1649625930.62287,938563,606,(-0.3, 0.2, 0.9)
637852227306338732,1649625930.63387,938563,607,(-0.3, 0.2, 0.9)
637852227306458740,1649625930.64587,938563,608,(-0.3, 0.2, 0.9)
637852227306568728,1649625930.65687,938563,609,(-0.3, 0.2, 0.9)
637852227306678730,1649625930.66787,938563,610,(-0.4, 0.2, 0.9)
637852227306788730,1649625930.67887,938563,611,(-0.4, 0.2, 0.9)
637852227306898726,1649625930.68987,938563,612,(-0.4, 0.2, 0.9)
637852227307008732,1649625930.70087,938563,613,(-0.4, 0.3, 0.9)
637852227307118725,1649625930.71187,938563,614,(-0.4, 0.3, 0.9)
637852227307248733,1649625930.72487,938563,615,(-0.4, 0.3, 0.9)
637852227307338736,1649625930.73387,938563,616,(-0.4, 0.3, 0.9)
637852227307458730,1649625930.74587,938563,617,(-0.4, 0.3, 0.9)
637852227307568729,1649625930.75687,938563,618,(-0.4, 0.3, 0.9)
637852227307678727,1649625930.76787,938563,619,(-0.4, 0.2, 0.9)
637852227307788727,1649625930.77887,938563,620,(-0.4, 0.2, 0.9)
637852227307898723,1649625930.78987,938563,621,(-0.4, 0.2, 0.9)
637852227308008722,1649625930.80087,938563,622,(-0.4, 0.2, 0.9)
637852227308118731,1649625930.81187,938563,623,(-0.4, 0.2, 0.9)
637852227308228723,1649625930.82287,938563,624,(-0.4, 0.2, 0.9)
637852227308338725,1649625930.83387,938563,625,(-0.4, 0.2, 0.9)
637852227308458949,1649625930.84589,938563,626,(-0.4, 0.2, 0.9)
637852227308568726,1649625930.85687,938563,627,(-0.4, 0.2, 0.9)
637852227308678733,1649625930.86787,938563,628,(-0.4, 0.2, 0.9)
637852227308788733,1649625930.87887,938563,629,(-0.4, 0.2, 0.9)
637852227308898730,1649625930.88987,938563,630,(-0.4, 0.2, 0.9)
637852227309008734,1649625930.90087,938563,631,(-0.4, 0.2, 0.9)
637852227309118725,1649625930.91187,938563,632,(-0.4, 0.2, 0.9)
637852227309238728,1649625930.92387,938563,633,(-0.4, 0.2, 0.9)
637852227309338728,1649625930.93387,938563,634,(-0.4, 0.2, 0.9)
637852227309458735,1649625930.94587,938563,635,(-0.4, 0.2, 0.9)
637852227309568939,1649625930.95689,938563,636,(-0.4, 0.2, 0.9)
637852227309678724,1649625930.96787,938563,637,(-0.4, 0.2, 0.9)
637852227309788734,1649625930.97887,938563,638,(-0.4, 0.2, 0.9)
637852227309898721,1649625930.98987,938563,639,(-0.4, 0.2, 0.9)
637852227310008731,1649625931.00087,938563,640,(-0.3, 0.2, 0.9)
637852227310118723,1649625931.01187,938563,641,(-0.3, 0.2, 0.9)
637852227310228944,1649625931.02289,938563,642,(-0.3, 0.2, 0.9)
637852227310338722,1649625931.03387,938563,643,(-0.3, 0.2, 0.9)
637852227310458722,1649625931.04587,938563,644,(-0.3, 0.2, 0.9)
637852227310568952,1649625931.0569,938563,645,(-0.3, 0.2, 0.9)
637852227310678724,1649625931.06787,938563,646,(-0.3, 0.2, 0.9)
637852227310788721,1649625931.07887,938563,647,(-0.3, 0.2, 0.9)
637852227310898729,1649625931.08987,938563,648,(-0.3, 0.2, 0.9)
637852227311008721,1649625931.10087,938563,649,(-0.3, 0.2, 0.9)
637852227311118725,1649625931.11187,938563,650,(-0.3, 0.2, 0.9)
637852227311238732,1649625931.12387,938563,651,(-0.3, 0.2, 0.9)
637852227311338720,1649625931.13387,938563,652,(-0.3, 0.2, 0.9)
637852227311458726,1649625931.14587,938563,653,(-0.3, 0.2, 0.9)
637852227311568720,1649625931.15687,938563,654,(-0.3, 0.2, 0.9)
637852227311668763,1649625931.16688,938563,655,(-0.3, 0.2, 0.9)
637852227311808980,1649625931.1809,938563,656,(-0.3, 0.2, 0.9)
637852227311898746,1649625931.18987,938563,657,(-0.3, 0.2, 0.9)
637852227312008723,1649625931.20087,938563,658,(-0.3, 0.2, 0.9)
637852227312118718,1649625931.21187,938563,659,(-0.3, 0.2, 0.9)
637852227312238739,1649625931.22387,938563,660,(-0.3, 0.2, 0.9)
637852227312348734,1649625931.23487,938563,661,(-0.3, 0.2, 0.9)
637852227312458727,1649625931.24587,938563,662,(-0.3, 0.2, 0.9)
637852227312559023,1649625931.2559,938563,663,(-0.3, 0.2, 0.9)
637852227312678724,1649625931.26787,938563,664,(-0.3, 0.2, 0.9)
637852227312788723,1649625931.27887,938563,665,(-0.3, 0.2, 0.9)
637852227312898721,1649625931.28987,938563,666,(-0.3, 0.2, 0.9)
637852227313018725,1649625931.30187,938563,667,(-0.3, 0.2, 0.9)
637852227313118726,1649625931.31187,938563,668,(-0.3, 0.2, 0.9)
637852227313228723,1649625931.32287,938563,669,(-0.3, 0.2, 0.9)
637852227313348728,1649625931.33487,938563,670,(-0.3, 0.2, 0.9)
637852227313458735,1649625931.34587,938563,671,(-0.3, 0.2, 0.9)
637852227313568722,1649625931.35687,938563,672,(-0.3, 0.2, 0.9)
637852227313678724,1649625931.36787,938563,673,(-0.3, 0.2, 0.9)
637852227313788721,1649625931.37887,938563,674,(-0.3, 0.2, 0.9)
637852227313898723,1649625931.38987,938563,675,(-0.3, 0.2, 0.9)
637852227314008722,1649625931.40087,938563,676,(-0.3, 0.2, 0.9)
637852227314118725,1649625931.41187,938563,677,(-0.3, 0.2, 0.9)
637852227314238958,1649625931.4239,938563,678,(-0.3, 0.2, 0.9)
637852227314348727,1649625931.43487,938563,679,(-0.3, 0.2, 0.9)
637852227314448977,1649625931.4449,938563,680,(-0.3, 0.2, 0.9)
637852227314568723,1649625931.45687,938563,681,(-0.3, 0.2, 0.9)
637852227314678723,1649625931.46787,938563,682,(-0.3, 0.2, 0.9)
637852227314788720,1649625931.47887,938563,683,(-0.3, 0.2, 0.9)
637852227314898956,1649625931.4899,938563,684,(-0.3, 0.2, 0.9)
637852227315008730,1649625931.50087,938563,685,(-0.3, 0.2, 0.9)
637852227315129020,1649625931.5129,938563,686,(-0.3, 0.2, 0.9)
637852227315238719,1649625931.52387,938563,687,(-0.3, 0.2, 0.9)
637852227315338724,1649625931.53387,938563,688,(-0.3, 0.2, 0.9)
637852227315458724,1649625931.54587,938563,689,(-0.3, 0.2, 0.9)
637852227315568724,1649625931.55687,938563,690,(-0.3, 0.2, 0.9)
637852227315678717,1649625931.56787,938563,691,(-0.3, 0.2, 0.9)
637852227315789104,1649625931.57891,938563,692,(-0.3, 0.2, 0.9)
637852227315898957,1649625931.5899,938563,693,(-0.3, 0.2, 0.9)
637852227316008719,1649625931.60087,938563,694,(-0.3, 0.2, 0.9)
637852227316118720,1649625931.61187,938563,695,(-0.3, 0.2, 0.9)
637852227316228726,1649625931.62287,938563,696,(-0.3, 0.2, 0.9)
637852227316348716,1649625931.63487,938563,697,(-0.3, 0.2, 0.9)
637852227316448719,1649625931.64487,938563,698,(-0.3, 0.2, 0.9)
637852227316568720,1649625931.65687,938563,699,(-0.3, 0.2, 0.9)
637852227316678721,1649625931.66787,938563,700,(-0.3, 0.2, 0.9)
637852227316788711,1649625931.67887,938563,701,(-0.3, 0.1, 0.9)
637852227316898718,1649625931.68987,938563,702,(-0.3, 0.1, 0.9)
637852227317008714,1649625931.70087,938563,703,(-0.3, 0.1, 0.9)
637852227317118720,1649625931.71187,938563,704,(-0.3, 0.1, 0.9)
637852227317228724,1649625931.72287,938563,705,(-0.3, 0.2, 0.9)
637852227317338722,1649625931.73387,938563,706,(-0.3, 0.2, 0.9)
637852227317448724,1649625931.74487,938563,707,(-0.3, 0.2, 0.9)
637852227317568727,1649625931.75687,938563,708,(-0.3, 0.2, 0.9)
637852227317678721,1649625931.76787,938563,709,(-0.3, 0.2, 0.9)
637852227317778718,1649625931.77787,938563,710,(-0.3, 0.2, 0.9)
637852227317898723,1649625931.78987,938563,711,(-0.3, 0.2, 0.9)
637852227318008720,1649625931.80087,938563,712,(-0.3, 0.2, 0.9)
637852227318118712,1649625931.81187,938563,713,(-0.3, 0.2, 0.9)
637852227318228716,1649625931.82287,938563,714,(-0.3, 0.2, 0.9)
637852227318338717,1649625931.83387,938563,715,(-0.3, 0.2, 0.9)
637852227318448712,1649625931.84487,938563,716,(-0.3, 0.2, 0.9)
637852227318568720,1649625931.85687,938563,717,(-0.3, 0.2, 0.9)
637852227318668718,1649625931.86687,938563,718,(-0.3, 0.2, 0.9)
637852227318788723,1649625931.87887,938563,719,(-0.3, 0.2, 0.9)
637852227318898720,1649625931.88987,938563,720,(-0.3, 0.2, 0.9)
637852227319008714,1649625931.90087,938563,721,(-0.3, 0.2, 0.9)
637852227319118723,1649625931.91187,938563,722,(-0.3, 0.2, 0.9)
637852227319228712,1649625931.92287,938563,723,(-0.3, 0.2, 0.9)
637852227319348728,1649625931.93487,938563,724,(-0.3, 0.2, 0.9)
637852227319458713,1649625931.94587,938563,725,(-0.3, 0.2, 0.9)
637852227319568722,1649625931.95687,938563,726,(-0.3, 0.2, 0.9)
637852227319678720,1649625931.96787,938563,727,(-0.3, 0.2, 0.9)
637852227319788723,1649625931.97887,938563,728,(-0.3, 0.2, 0.9)
637852227319898715,1649625931.98987,938563,729,(-0.3, 0.2, 0.9)
637852227320008713,1649625932.00087,938563,730,(-0.3, 0.2, 0.9)
637852227320118723,1649625932.01187,938563,731,(-0.3, 0.2, 0.9)
637852227320228713,1649625932.02287,938563,732,(-0.3, 0.2, 0.9)
637852227320348718,1649625932.03487,938563,733,(-0.3, 0.2, 0.9)
637852227320448723,1649625932.04487,938563,734,(-0.3, 0.2, 0.9)
637852227320568719,1649625932.05687,938563,735,(-0.3, 0.2, 0.9)
637852227320678720,1649625932.06787,938563,736,(-0.3, 0.2, 0.9)
637852227320798715,1649625932.07987,938563,737,(-0.3, 0.2, 0.9)
637852227320918713,1649625932.09187,938563,738,(-0.3, 0.2, 0.9)
637852227321008717,1649625932.10087,938563,739,(-0.3, 0.2, 0.9)
637852227321118716,1649625932.11187,938563,740,(-0.3, 0.2, 0.9)
637852227321238722,1649625932.12387,938563,741,(-0.3, 0.2, 0.9)
637852227321338720,1649625932.13387,938563,742,(-0.3, 0.2, 0.9)
637852227321448717,1649625932.14487,938563,743,(-0.3, 0.2, 0.9)
637852227321558718,1649625932.15587,938563,744,(-0.3, 0.2, 0.9)
637852227321678715,1649625932.16787,938563,745,(-0.3, 0.2, 0.9)
637852227321798713,1649625932.17987,938563,746,(-0.3, 0.1, 0.9)
637852227321898711,1649625932.18987,938563,747,(-0.3, 0.2, 0.9)
637852227322008714,1649625932.20087,938563,748,(-0.3, 0.2, 0.9)
637852227322118714,1649625932.21187,938563,749,(-0.3, 0.2, 0.9)