637852227322808718,1649625932.28087,938563,1,(-0.3, 0.2, 0.9)
637852227361898672,1649625936.18987,938563,2,(-0.1, -0.2, 1.0)
637852227362008681,1649625936.20087,938563,3,(0.0, -0.2, 1.0)
637852227362118674,1649625936.21187,938563,4,(-0.1, 0.0, 1.0)
637852227362238680,1649625936.22387,938563,5,(-0.1, 0.0, 1.0)
637852227362338681,1649625936.23387,938563,6,(-0.1, 0.0, 1.0)
637852227362448681,1649625936.24487,938563,7,(-0.1, 0.0, 1.0)
637852227362568671,1649625936.25687,938563,8,(-0.1, 0.0, 1.0)
637852227362678683,1649625936.26787,938563,9,(-0.1, 0.1, 1.0)
637852227362778677,1649625936.27787,938563,10,(-0.1, 0.1, 1.0)
637852227362898678,1649625936.28987,938563,11,(-0.1, 0.1, 1.0)
637852227363008672,1649625936.30087,938563,12,(-0.1, 0.1, 1.0)
637852227363118681,1649625936.31187,938563,13,(-0.1, 0.1, 1.0)
637852227363238680,1649625936.32387,938563,14,(-0.1, 0.1, 1.0)
637852227363348671,1649625936.33487,938563,15,(-0.1, 0.1, 1.0)
637852227363478682,1649625936.34787,938563,16,(-0.1, 0.1, 1.0)
637852227363578680,1649625936.35787,938563,17,(-0.1, 0.1, 1.0)
637852227363678680,1649625936.36787,938563,18,(-0.1, 0.2, 1.0)
637852227363788671,1649625936.37887,938563,19,(-0.1, 0.1, 1.0)
637852227363898678,1649625936.38987,938563,20,(-0.1, 0.2, 1.0)
637852227364008670,1649625936.40087,938563,21,(-0.1, 0.2, 1.0)
637852227364118680,1649625936.41187,938563,22,(-0.1, 0.2, 1.0)
637852227364238673,1649625936.42387,938563,23,(-0.1, 0.2, 1.0)
637852227364338670,1649625936.43387,938563,24,(-0.1, 0.1, 1.0)
637852227364458679,1649625936.44587,938563,25,(-0.1, 0.1, 1.0)
637852227364568680,1649625936.45687,938563,26,(-0.1, 0.1, 1.0)
637852227364678682,1649625936.46787,938563,27,(-0.1, 0.1, 1.0)
637852227364808670,1649625936.48087,938563,28,(-0.1, 0.1, 1.0)
637852227364898677,1649625936.48987,938563,29,(-0.1, 0.1, 1.0)
637852227365008673,1649625936.50087,938563,30,(-0.1, 0.1, 1.0)
637852227365128671,1649625936.51287,938563,31,(-0.1, 0.1, 1.0)
637852227365228674,1649625936.52287,938563,32,(-0.1, 0.1, 1.0)
637852227365338668,1649625936.53387,938563,33,(-0.1, 0.1, 1.0)
637852227365448675,1649625936.54487,938563,34,(-0.1, 0.1, 1.0)
637852227365558675,1649625936.55587,938563,35,(-0.1, 0.1, 1.0)
637852227365678676,1649625936.56787,938563,36,(-0.1, 0.1, 1.0)
637852227365788679,1649625936.57887,938563,37,(-0.1, 0.1, 1.0)
637852227365908672,1649625936.59087,938563,38,(-0.1, 0.1, 1.0)
637852227366008670,1649625936.60087,938563,39,(-0.1, 0.1, 1.0)
637852227366118670,1649625936.61187,938563,40,(-0.1, 0.1, 1.0)
637852227366238670,1649625936.62387,938563,41,(-0.1, 0.1, 1.0)
637852227366338676,1649625936.63387,938563,42,(-0.1, 0.1, 1.0)
637852227366458675,1649625936.64587,938563,43,(-0.1, 0.1, 1.0)
637852227366568681,1649625936.65687,938563,44,(-0.1, 0.1, 1.0)
637852227366678676,1649625936.66787,938563,45,(-0.1, 0.1, 1.0)
637852227366788675,1649625936.67887,938563,46,(-0.1, 0.1, 1.0)
637852227366898670,1649625936.68987,938563,47,(-0.1, 0.1, 1.0)
637852227367008667,1649625936.70087,938563,48,(-0.1, 0.1, 1.0)
637852227367118674,1649625936.71187,938563,49,(-0.1, 0.1, 1.0)
637852227367228676,1649625936.72287,938563,50,(-0.1, 0.1, 1.0)
637852227367348677,1649625936.73487,938563,51,(-0.1, 0.1, 1.0)
637852227367458675,1649625936.74587,938563,52,(-0.1, 0.1, 1.0)
637852227367568670,1649625936.75687,938563,53,(-0.1, 0.1, 1.0)
637852227367678677,1649625936.76787,938563,54,(-0.1, 0.1, 1.0)
637852227367788677,1649625936.77887,938563,55,(-0.1, 0.1, 1.0)
637852227367898674,1649625936.78987,938563,56,(-0.1, 0.1, 1.0)
637852227368038675,1649625936.80387,938563,57,(-0.1, 0.1, 1.0)
637852227368128674,1649625936.81287,938563,58,(-0.1, 0.1, 1.0)
637852227368238677,1649625936.82387,938563,59,(-0.1, 0.1, 1.0)
637852227368338674,1649625936.83387,938563,60,(-0.1, 0.1, 1.0)
637852227368458675,1649625936.84587,938563,61,(-0.1, 0.1, 1.0)
637852227368558674,1649625936.85587,938563,62,(-0.1, 0.1, 1.0)
637852227368678673,1649625936.86787,938563,63,(-0.1, 0.1, 1.0)
637852227368788668,1649625936.87887,938563,64,(-0.1, 0.1, 1.0)
637852227368898673,1649625936.88987,938563,65,(-0.1, 0.1, 1.0)
637852227369008679,1649625936.90087,938563,66,(-0.1, 0.1, 1.0)
637852227369118671,1649625936.91187,938563,67,(-0.1, 0.1, 1.0)
637852227369228674,1649625936.92287,938563,68,(-0.1, 0.1, 1.0)
637852227369348673,1649625936.93487,938563,69,(-0.1, 0.1, 1.0)
637852227369448672,1649625936.94487,938563,70,(-0.1, 0.1, 1.0)
637852227369568674,1649625936.95687,938563,71,(-0.1, 0.1, 1.0)
637852227369678666,1649625936.96787,938563,72,(-0.1, 0.1, 1.0)
637852227369788674,1649625936.97887,938563,73,(-0.1, 0.1, 1.0)
637852227369898671,1649625936.98987,938563,74,(-0.1, 0.1, 1.0)
637852227370008665,1649625937.00087,938563,75,(-0.1, 0.1, 1.0)
637852227370118668,1649625937.01187,938563,76,(-0.1, 0.1, 1.0)
637852227370238674,1649625937.02387,938563,77,(-0.1, 0.1, 1.0)
637852227370348667,1649625937.03487,938563,78,(-0.1, 0.1, 1.0)
637852227370458667,1649625937.04587,938563,79,(-0.1, 0.1, 1.0)
637852227370568666,1649625937.05687,938563,80,(-0.1, 0.1, 1.0)
637852227370678668,1649625937.06787,938563,81,(-0.1, 0.1, 1.0)
637852227370788672,1649625937.07887,938563,82,(-0.1, 0.1, 1.0)
637852227370898665,1649625937.08987,938563,83,(-0.1, 0.1, 1.0)
637852227371008666,1649625937.10087,938563,84,(-0.1, 0.1, 1.0)
637852227371118673,1649625937.11187,938563,85,(-0.1, 0.1, 1.0)
637852227371238672,1649625937.12387,938563,86,(-0.1, 0.1, 1.0)
637852227371338672,1649625937.13387,938563,87,(-0.1, 0.1, 1.0)
637852227371448671,1649625937.14487,938563,88,(-0.1, 0.2, 1.0)
637852227371568667,1649625937.15687,938563,89,(-0.1, 0.2, 1.0)
637852227371678673,1649625937.16787,938563,90,(-0.1, 0.1, 1.0)
637852227371788672,1649625937.17887,938563,91,(-0.1, 0.2, 1.0)
637852227371898664,1649625937.18987,938563,92,(-0.1, 0.2, 1.0)
637852227372018673,1649625937.20187,938563,93,(-0.1, 0.2, 1.0)
637852227372118672,1649625937.21187,938563,94,(-0.1, 0.2, 1.0)
637852227372228679,1649625937.22287,938563,95,(-0.1, 0.2, 1.0)
637852227372348667,1649625937.23487,938563,96,(-0.1, 0.2, 1.0)
637852227372448666,1649625937.24487,938563,97,(-0.1, 0.2, 1.0)
637852227372568670,1649625937.25687,938563,98,(-0.1, 0.2, 1.0)
637852227372678663,1649625937.26787,938563,99,(-0.1, 0.2, 1.0)
637852227372788667,1649625937.27887,938563,100,(-0.1, 0.2, 1.0)
637852227372898674,1649625937.28987,938563,101,(-0.1, 0.2, 1.0)
637852227373008672,1649625937.30087,938563,102,(-0.1, 0.1, 1.0)
637852227373118671,1649625937.31187,938563,103,(-0.1, 0.1, 1.0)
637852227373228665,1649625937.32287,938563,104,(-0.1, 0.1, 1.0)
637852227373338671,1649625937.33387,938563,105,(-0.1, 0.1, 1.0)
637852227373458665,1649625937.34587,938563,106,(-0.1, 0.1, 1.0)
637852227373568670,1649625937.35687,938563,107,(-0.1, 0.1, 1.0)
637852227373678662,1649625937.36787,938563,108,(-0.1, 0.1, 1.0)
637852227373788663,1649625937.37887,938563,109,(-0.1, 0.1, 1.0)
637852227373898670,1649625937.38987,938563,110,(-0.1, 0.1, 1.0)
637852227374008665,1649625937.40087,938563,111,(-0.1, 0.1, 1.0)
637852227374118667,1649625937.41187,938563,112,(-0.1, 0.1, 1.0)
637852227374238668,1649625937.42387,938563,113,(-0.1, 0.2, 1.0)
637852227374348662,1649625937.43487,938563,114,(-0.1, 0.1, 1.0)
637852227374448669,1649625937.44487,938563,115,(-0.1, 0.2, 1.0)
637852227374568663,1649625937.45687,938563,116,(-0.1, 0.1, 1.0)
637852227374668667,1649625937.46687,938563,117,(-0.1, 0.1, 1.0)
637852227374788670,1649625937.47887,938563,118,(-0.1, 0.1, 1.0)
637852227374898667,1649625937.48987,938563,119,(-0.1, 0.1, 1.0)
637852227375018665,1649625937.50187,938563,120,(-0.1, 0.1, 1.0)
637852227375118672,1649625937.51187,938563,121,(-0.1, 0.1, 1.0)
637852227375238661,1649625937.52387,938563,122,(-0.1, 0.2, 1.0)
637852227375338669,1649625937.53387,938563,123,(-0.1, 0.2, 1.0)
637852227375448660,1649625937.54487,938563,124,(-0.1, 0.2, 1.0)
637852227375568669,1649625937.55687,938563,125,(-0.1, 0.1, 1.0)
637852227375678660,1649625937.56787,938563,126,(-0.1, 0.1, 1.0)
637852227375788666,1649625937.57887,938563,127,(-0.1, 0.2, 1.0)
637852227375898670,1649625937.58987,938563,128,(-0.1, 0.2, 1.0)
637852227376018664,1649625937.60187,938563,129,(-0.1, 0.2, 1.0)
637852227376128673,1649625937.61287,938563,130,(-0.1, 0.2, 1.0)
637852227376228667,1649625937.62287,938563,131,(-0.1, 0.2, 1.0)
637852227376338667,1649625937.63387,938563,132,(-0.1, 0.2, 1.0)
637852227376448666,1649625937.64487,938563,133,(-0.1, 0.2, 1.0)
637852227376568661,1649625937.65687,938563,134,(-0.1, 0.2, 1.0)
637852227376678662,1649625937.66787,938563,135,(-0.1, 0.2, 1.0)
637852227376788667,1649625937.67887,938563,136,(-0.1, 0.2, 1.0)
637852227376898668,1649625937.68987,938563,137,(-0.1, 0.2, 1.0)
637852227377008672,1649625937.70087,938563,138,(-0.1, 0.2, 1.0)
637852227377128666,1649625937.71287,938563,139,(-0.1, 0.2, 1.0)
637852227377238669,1649625937.72387,938563,140,(-0.1, 0.2, 1.0)
637852227377348665,1649625937.73487,938563,141,(-0.1, 0.1, 1.0)
637852227377458668,1649625937.74587,938563,142,(-0.1, 0.1, 1.0)
637852227377568666,1649625937.75687,938563,143,(-0.1, 0.1, 1.0)
637852227377678667,1649625937.76787,938563,144,(-0.1, 0.1, 1.0)
637852227377788658,1649625937.77887,938563,145,(-0.1, 0.1, 1.0)
637852227377898658,1649625937.78987,938563,146,(-0.1, 0.1, 1.0)
637852227378038658,1649625937.80387,938563,147,(-0.1, 0.1, 1.0)
637852227378118658,1649625937.81187,938563,148,(-0.1, 0.1, 1.0)
637852227378238667,1649625937.82387,938563,149,(-0.1, 0.1, 1.0)
637852227378348666,1649625937.83487,938563,150,(-0.1, 0.1, 1.0)
637852227378458665,1649625937.84587,938563,151,(-0.1, 0.1, 1.0)
637852227378568664,1649625937.85687,938563,152,(-0.1, 0.1, 1.0)
637852227378678669,1649625937.86787,938563,153,(-0.1, 0.1, 1.0)
637852227378788666,1649625937.87887,938563,154,(-0.1, 0.1, 1.0)
637852227378898667,1649625937.88987,938563,155,(-0.1, 0.2, 1.0)
637852227379018667,1649625937.90187,938563,156,(-0.1, 0.2, 1.0)
637852227379118664,1649625937.91187,938563,157,(-0.1, 0.2, 1.0)
637852227379228667,1649625937.92287,938563,158,(-0.1, 0.1, 1.0)
637852227379338669,1649625937.93387,938563,159,(-0.1, 0.2, 1.0)
637852227379458657,1649625937.94587,938563,160,(-0.1, 0.2, 1.0)
637852227379568667,1649625937.95687,938563,161,(-0.1, 0.2, 1.0)
637852227379678666,1649625937.96787,938563,162,(-0.1, 0.1, 1.0)
637852227379788661,1649625937.97887,938563,163,(-0.1, 0.1, 1.0)
637852227379898654,1649625937.98987,938563,164,(-0.1, 0.2, 1.0)
637852227380008664,1649625938.00087,938563,165,(-0.1, 0.1, 1.0)
637852227380118658,1649625938.01187,938563,166,(-0.1, 0.2, 1.0)
637852227380228664,1649625938.02287,938563,167,(-0.1, 0.2, 1.0)
637852227380348666,1649625938.03487,938563,168,(-0.1, 0.2, 1.0)
637852227380458660,1649625938.04587,938563,169,(-0.1, 0.2, 1.0)
637852227380568655,1649625938.05687,938563,170,(-0.1, 0.2, 1.0)
637852227380678655,1649625938.06787,938563,171,(-0.1, 0.2, 1.0)
637852227380788664,1649625938.07887,938563,172,(-0.1, 0.2, 1.0)
637852227380898657,1649625938.08987,938563,173,(-0.1, 0.2, 1.0)
637852227381008664,1649625938.10087,938563,174,(-0.1, 0.2, 1.0)
637852227381118655,1649625938.11187,938563,175,(-0.1, 0.2, 1.0)
637852227381238664,1649625938.12387,938563,176,(-0.1, 0.2, 1.0)
637852227381338661,1649625938.13387,938563,177,(-0.1, 0.2, 1.0)
637852227381448660,1649625938.14487,938563,178,(-0.1, 0.2, 1.0)
637852227381568663,1649625938.15687,938563,179,(-0.1, 0.2, 1.0)
637852227381678662,1649625938.16787,938563,180,(-0.1, 0.2, 1.0)
637852227381788655,1649625938.17887,938563,181,(-0.1, 0.1, 1.0)
637852227381898661,1649625938.18987,938563,182,(-0.1, 0.2, 1.0)
637852227382008669,1649625938.20087,938563,183,(-0.1, 0.2, 1.0)
637852227382118663,1649625938.21187,938563,184,(-0.1, 0.2, 1.0)
637852227382228660,1649625938.22287,938563,185,(0.0, 0.1, 1.0)
637852227382338655,1649625938.23387,938563,186,(0.0, 0.1, 1.0)
637852227382458656,1649625938.24587,938563,187,(0.0, 0.1, 1.0)
637852227382568653,1649625938.25687,938563,188,(0.0, 0.1, 1.0)
637852227382678653,1649625938.26787,938563,189,(0.1, 0.1, 1.0)
637852227382788662,1649625938.27887,938563,190,(0.1, 0.1, 1.0)
637852227382898660,1649625938.28987,938563,191,(0.1, 0.2, 1.0)
637852227383008656,1649625938.30087,938563,192,(0.1, 0.2, 1.0)
637852227383118663,1649625938.31187,938563,193,(0.1, 0.2, 1.0)
637852227383238652,1649625938.32387,938563,194,(0.1, 0.2, 1.0)
637852227383338658,1649625938.33387,938563,195,(0.1, 0.2, 1.0)
637852227383458661,1649625938.34587,938563,196,(0.1, 0.1, 1.0)
637852227383568651,1649625938.35687,938563,197,(0.1, 0.1, 1.0)
637852227383678660,1649625938.36787,938563,198,(0.1, 0.1, 1.0)
637852227383788662,1649625938.37887,938563,199,(0.1, 0.1, 1.0)
637852227383898663,1649625938.38987,938563,200,(0.1, 0.1, 1.0)
637852227384008657,1649625938.40087,938563,201,(0.1, 0.1, 1.0)
637852227384118658,1649625938.41187,938563,202,(0.1, 0.1, 1.0)
637852227384238651,1649625938.42387,938563,203,(0.1, 0.1, 1.0)
637852227384348652,1649625938.43487,938563,204,(0.1, 0.1, 1.0)
637852227384458659,1649625938.44587,938563,205,(0.1, 0.1, 1.0)
637852227384568660,1649625938.45687,938563,206,(0.1, 0.1, 1.0)
637852227384678670,1649625938.46787,938563,207,(0.1, 0.1, 1.0)
637852227384798654,1649625938.47987,938563,208,(0.1, 0.1, 1.0)
637852227384898659,1649625938.48987,938563,209,(0.1, 0.1, 1.0)
637852227385018665,1649625938.50187,938563,210,(0.1, 0.1, 1.0)
637852227385118651,1649625938.51187,938563,211,(0.1, 0.1, 1.0)
637852227385228653,1649625938.52287,938563,212,(0.1, 0.1, 1.0)
637852227385338656,1649625938.53387,938563,213,(0.1, 0.1, 1.0)
637852227385458659,1649625938.54587,938563,214,(0.1, 0.1, 1.0)
637852227385568653,1649625938.55687,938563,215,(0.1, 0.1, 1.0)
637852227385678656,1649625938.56787,938563,216,(0.1, 0.1, 1.0)
637852227385788652,1649625938.57887,938563,217,(0.1, 0.1, 1.0)
637852227385898656,1649625938.58987,938563,218,(0.1, 0.1, 1.0)
637852227386008651,1649625938.60087,938563,219,(0.1, 0.1, 1.0)
637852227386118657,1649625938.61187,938563,220,(0.1, 0.1, 1.0)
637852227386248651,1649625938.62487,938563,221,(0.1, 0.1, 1.0)
637852227386358658,1649625938.63587,938563,222,(0.1, 0.1, 1.0)
637852227386458656,1649625938.64587,938563,223,(0.1, 0.1, 1.0)
637852227386568650,1649625938.65686,938563,224,(0.1, 0.1, 1.0)
637852227386678656,1649625938.66787,938563,225,(0.1, 0.1, 1.0)
637852227386788656,1649625938.67887,938563,226,(0.1, 0.1, 1.0)
637852227386898658,1649625938.68987,938563,227,(0.1, 0.1, 1.0)
637852227387008650,1649625938.70087,938563,228,(0.1, 0.1, 1.0)
637852227387118662,1649625938.71187,938563,229,(0.1, 0.1, 1.0)
637852227387238655,1649625938.72387,938563,230,(0.1, 0.1, 1.0)
637852227387338659,1649625938.73387,938563,231,(0.1, 0.1, 1.0)
637852227387448655,1649625938.74487,938563,232,(0.1, 0.1, 1.0)
637852227387558656,1649625938.75587,938563,233,(0.1, 0.1, 1.0)
637852227387678657,1649625938.76787,938563,234,(0.1, 0.1, 1.0)
637852227387788648,1649625938.77886,938563,235,(0.1, 0.1, 1.0)
637852227387898649,1649625938.78986,938563,236,(0.1, 0.1, 1.0)
637852227388008662,1649625938.80087,938563,237,(0.1, 0.1, 1.0)
637852227388128660,1649625938.81287,938563,238,(0.1, 0.1, 1.0)
637852227388238652,1649625938.82387,938563,239,(0.1, 0.1, 1.0)
637852227388348658,1649625938.83487,938563,240,(0.1, 0.1, 1.0)
637852227388458653,1649625938.84587,938563,241,(0.1, 0.1, 1.0)
637852227388568658,1649625938.85687,938563,242,(0.1, 0.1, 1.0)
637852227388678652,1649625938.86787,938563,243,(0.1, 0.1, 1.0)
637852227388788652,1649625938.87887,938563,244,(0.1, 0.1, 1.0)
637852227388898651,1649625938.88987,938563,245,(0.1, 0.1, 1.0)
637852227389008649,1649625938.90086,938563,246,(0.1, 0.1, 1.0)
637852227389118659,1649625938.91187,938563,247,(0.1, 0.1, 1.0)
637852227389228648,1649625938.92286,938563,248,(0.1, 0.1, 1.0)
637852227389348654,1649625938.93487,938563,249,(0.1, 0.1, 1.0)
637852227389458650,1649625938.94586,938563,250,(0.1, 0.1, 1.0)
637852227389568650,1649625938.95686,938563,251,(0.1, 0.1, 1.0)
637852227389678650,1649625938.96787,938563,252,(0.1, 0.1, 1.0)
637852227389798651,1649625938.97987,938563,253,(0.1, 0.1, 1.0)
637852227389898651,1649625938.98987,938563,254,(0.1, 0.1, 1.0)
637852227390008652,1649625939.00087,938563,255,(0.1, 0.1, 1.0)
637852227390118651,1649625939.01187,938563,256,(0.1, 0.1, 1.0)
637852227390238654,1649625939.02387,938563,257,(0.1, 0.1, 1.0)
637852227390348652,1649625939.03487,938563,258,(0.1, 0.1, 1.0)
637852227390458647,1649625939.04586,938563,259,(0.1, 0.1, 1.0)
637852227390568651,1649625939.05687,938563,260,(0.1, 0.1, 1.0)
637852227390718655,1649625939.07187,938563,261,(0.1, 0.1, 1.0)
637852227390728652,1649625939.07287,938563,262,(0.1, 0.1, 1.0)
637852227390848656,1649625939.08487,938563,263,(0.1, 0.1, 1.0)
637852227390948649,1649625939.09486,938563,264,(0.1, 0.1, 1.0)
637852227391118654,1649625939.11187,938563,265,(0.1, 0.1, 1.0)
637852227391238647,1649625939.12386,938563,266,(0.1, 0.1, 1.0)
637852227391348649,1649625939.13486,938563,267,(0.1, 0.1, 1.0)
637852227391458678,1649625939.14587,938563,268,(0.1, 0.1, 1.0)
637852227391568657,1649625939.15687,938563,269,(0.1, 0.1, 1.0)
637852227391688653,1649625939.16887,938563,270,(0.1, 0.1, 1.0)
637852227391788654,1649625939.17887,938563,271,(0.1, 0.1, 1.0)
637852227391898648,1649625939.18986,938563,272,(0.1, 0.1, 1.0)
637852227392008646,1649625939.20086,938563,273,(0.1, 0.1, 1.0)
637852227392129110,1649625939.21291,938563,274,(0.1, 0.1, 1.0)
637852227392238649,1649625939.22386,938563,275,(0.1, 0.1, 1.0)
637852227392348651,1649625939.23487,938563,276,(0.1, 0.1, 1.0)
637852227392458656,1649625939.24587,938563,277,(0.1, 0.1, 1.0)
637852227392568645,1649625939.25686,938563,278,(0.1, 0.1, 1.0)
637852227392678653,1649625939.26787,938563,279,(0.1, 0.1, 1.0)
637852227392788656,1649625939.27887,938563,280,(0.1, 0.1, 1.0)
637852227392898649,1649625939.28986,938563,281,(0.1, 0.1, 1.0)
637852227393008647,1649625939.30086,938563,282,(0.1, 0.1, 1.0)
637852227393128649,1649625939.31286,938563,283,(0.1, 0.1, 1.0)
637852227393238652,1649625939.32387,938563,284,(0.1, 0.1, 1.0)
637852227393348652,1649625939.33487,938563,285,(0.1, 0.1, 1.0)
637852227393458646,1649625939.34586,938563,286,(0.1, 0.1, 1.0)
637852227393568650,1649625939.35686,938563,287,(0.1, 0.1, 1.0)
637852227393688651,1649625939.36887,938563,288,(0.1, 0.1, 1.0)
637852227393798650,1649625939.37986,938563,289,(0.1, 0.1, 1.0)
637852227393908967,1649625939.3909,938563,290,(0.1, 0.1, 1.0)
637852227394018649,1649625939.40186,938563,291,(0.1, 0.1, 1.0)
637852227394128655,1649625939.41287,938563,292,(0.1, 0.1, 1.0)
637852227394238647,1649625939.42386,938563,293,(0.1, 0.1, 1.0)
637852227394358648,1649625939.43586,938563,294,(0.1, 0.1, 1.0)
637852227394458647,1649625939.44586,938563,295,(0.1, 0.1, 1.0)
637852227394568647,1649625939.45686,938563,296,(0.1, 0.1, 1.0)
637852227394678648,1649625939.46786,938563,297,(0.1, 0.1, 1.0)
637852227394788652,1649625939.47887,938563,298,(0.1, 0.1, 1.0)
637852227394898657,1649625939.48987,938563,299,(0.1, 0.1, 1.0)
637852227395008644,1649625939.50086,938563,300,(0.1, 0.1, 1.0)
637852227395128649,1649625939.51286,938563,301,(0.1, 0.1, 1.0)
637852227395268880,1649625939.52689,938563,302,(0.1, 0.1, 1.0)
637852227395278888,1649625939.52789,938563,303,(0.1, 0.1, 1.0)
637852227395458645,1649625939.54586,938563,304,(0.1, 0.1, 1.0)
637852227395568649,1649625939.55686,938563,305,(0.1, 0.1, 1.0)
637852227395678652,1649625939.56787,938563,306,(0.1, 0.1, 1.0)
637852227395788978,1649625939.5789,938563,307,(0.1, 0.1, 1.0)
637852227395898645,1649625939.58986,938563,308,(0.1, 0.1, 1.0)
637852227396008646,1649625939.60086,938563,309,(0.1, 0.1, 1.0)
637852227396128645,1649625939.61286,938563,310,(0.1, 0.1, 1.0)
637852227396238898,1649625939.62389,938563,311,(0.1, 0.1, 1.0)
637852227396338643,1649625939.63386,938563,312,(0.1, 0.1, 1.0)
637852227396458648,1649625939.64586,938563,313,(0.1, 0.1, 1.0)
637852227396568644,1649625939.65686,938563,314,(0.1, 0.1, 1.0)
637852227396678654,1649625939.66787,938563,315,(0.1, 0.1, 1.0)
637852227396788644,1649625939.67886,938563,316,(0.1, 0.1, 1.0)
637852227396898652,1649625939.68987,938563,317,(0.1, 0.1, 1.0)
637852227397008639,1649625939.70086,938563,318,(0.1, 0.1, 1.0)
637852227397128877,1649625939.71289,938563,319,(0.1, 0.1, 1.0)
637852227397238658,1649625939.72387,938563,320,(0.1, 0.1, 1.0)
637852227397338650,1649625939.73387,938563,321,(0.1, 0.1, 1.0)
637852227397458864,1649625939.74589,938563,322,(0.1, 0.1, 1.0)
637852227397568653,1649625939.75687,938563,323,(0.1, 0.1, 1.0)
637852227397678648,1649625939.76786,938563,324,(0.1, 0.1, 1.0)
637852227397788642,1649625939.77886,938563,325,(0.1, 0.1, 1.0)
637852227397908956,1649625939.7909,938563,326,(0.1, 0.1, 1.0)
637852227398008936,1649625939.80089,938563,327,(0.1, 0.1, 1.0)
637852227398118642,1649625939.81186,938563,328,(0.1, 0.1, 1.0)
637852227398238642,1649625939.82386,938563,329,(0.1, 0.1, 1.0)
637852227398348741,1649625939.83487,938563,330,(0.1, 0.1, 1.0)
637852227398458643,1649625939.84586,938563,331,(0.1, 0.1, 1.0)
637852227398568649,1649625939.85686,938563,332,(0.1, 0.1, 1.0)
637852227398678652,1649625939.86787,938563,333,(0.1, 0.1, 1.0)
637852227398788639,1649625939.87886,938563,334,(0.1, 0.1, 1.0)
637852227398898649,1649625939.88986,938563,335,(0.1, 0.1, 1.0)
637852227399008659,1649625939.90087,938563,336,(0.1, 0.1, 1.0)
637852227399118646,1649625939.91186,938563,337,(0.1, 0.1, 1.0)
637852227399238646,1649625939.92386,938563,338,(0.1, 0.1, 1.0)
637852227399348655,1649625939.93487,938563,339,(0.1, 0.1, 1.0)
637852227399448643,1649625939.94486,938563,340,(0.1, 0.1, 1.0)
637852227399568640,1649625939.95686,938563,341,(0.1, 0.1, 1.0)
637852227399678651,1649625939.96787,938563,342,(0.1, 0.1, 1.0)
637852227399788644,1649625939.97886,938563,343,(0.1, 0.1, 1.0)
637852227399908642,1649625939.99086,938563,344,(0.1, 0.1, 1.0)
637852227400008640,1649625940.00086,938563,345,(0.1, 0.1, 1.0)
637852227400118646,1649625940.01186,938563,346,(0.1, 0.1, 1.0)
637852227400228643,1649625940.02286,938563,347,(0.1, 0.1, 1.0)
637852227400338645,1649625940.03386,938563,348,(0.1, 0.1, 1.0)
637852227400458650,1649625940.04586,938563,349,(0.1, 0.1, 1.0)
637852227400568645,1649625940.05686,938563,350,(0.1, 0.1, 1.0)
637852227400678637,1649625940.06786,938563,351,(0.1, 0.1, 1.0)
637852227400788645,1649625940.07886,938563,352,(0.1, 0.1, 1.0)
637852227400898644,1649625940.08986,938563,353,(0.1, 0.1, 1.0)
637852227401008666,1649625940.10087,938563,354,(0.1, 0.1, 1.0)
637852227401118646,1649625940.11186,938563,355,(0.1, 0.1, 1.0)
637852227401238645,1649625940.12386,938563,356,(0.1, 0.1, 1.0)
637852227401338645,1649625940.13386,938563,357,(0.1, 0.1, 1.0)
637852227401448634,1649625940.14486,938563,358,(0.1, 0.1, 1.0)
637852227401568641,1649625940.15686,938563,359,(0.1, 0.1, 1.0)
637852227401678643,1649625940.16786,938563,360,(0.1, 0.1, 1.0)
637852227401788641,1649625940.17886,938563,361,(0.1, 0.1, 1.0)
637852227401898648,1649625940.18986,938563,362,(0.1, 0.1, 1.0)
637852227402008648,1649625940.20086,938563,363,(0.1, 0.1, 1.0)
637852227402118644,1649625940.21186,938563,364,(0.1, 0.1, 1.0)
637852227402238643,1649625940.22386,938563,365,(0.1, 0.1, 1.0)
637852227402348644,1649625940.23486,938563,366,(0.1, 0.1, 1.0)
637852227402458640,1649625940.24586,938563,367,(0.1, 0.1, 1.0)
637852227402568640,1649625940.25686,938563,368,(0.1, 0.1, 1.0)
637852227402678637,1649625940.26786,938563,369,(0.1, 0.1, 1.0)
637852227402788641,1649625940.27886,938563,370,(0.1, 0.1, 1.0)
637852227402898640,1649625940.28986,938563,371,(0.1, 0.1, 1.0)
637852227403008639,1649625940.30086,938563,372,(0.1, 0.1, 1.0)
637852227403118633,1649625940.31186,938563,373,(0.1, 0.2, 1.0)
637852227403238643,1649625940.32386,938563,374,(0.1, 0.2, 1.0)
637852227403348642,1649625940.33486,938563,375,(0.1, 0.2, 1.0)
637852227403458635,1649625940.34586,938563,376,(0.1, 0.2, 1.0)
637852227403568641,1649625940.35686,938563,377,(0.1, 0.2, 1.0)
637852227403678636,1649625940.36786,938563,378,(0.1, 0.2, 1.0)
637852227403788650,1649625940.37887,938563,379,(0.1, 0.2, 1.0)
637852227403898640,1649625940.38986,938563,380,(0.1, 0.2, 1.0)
637852227404008636,1649625940.40086,938563,381,(0.1, 0.2, 1.0)
637852227404118635,1649625940.41186,938563,382,(0.1, 0.2, 1.0)
637852227404238640,1649625940.42386,938563,383,(0.1, 0.2, 1.0)
637852227404348642,1649625940.43486,938563,384,(0.1, 0.2, 1.0)
637852227404468641,1649625940.44686,938563,385,(0.1, 0.2, 1.0)
637852227404568640,1649625940.45686,938563,386,(0.1, 0.2, 1.0)
637852227404678640,1649625940.46786,938563,387,(0.1, 0.2, 1.0)
637852227404788633,1649625940.47886,938563,388,(0.1, 0.2, 1.0)
637852227404898633,1649625940.48986,938563,389,(0.1, 0.2, 1.0)
637852227405008635,1649625940.50086,938563,390,(0.1, 0.2, 1.0)
637852227405128647,1649625940.51286,938563,391,(0.1, 0.2, 1.0)
637852227405238642,1649625940.52386,938563,392,(0.1, 0.2, 1.0)
637852227405348633,1649625940.53486,938563,393,(0.1, 0.2, 1.0)
637852227405458632,1649625940.54586,938563,394,(0.1, 0.2, 1.0)
637852227405568639,1649625940.55686,938563,395,(0.1, 0.2, 1.0)
637852227405678636,1649625940.56786,938563,396,(0.1, 0.2, 1.0)
637852227405788634,1649625940.57886,938563,397,(0.1, 0.2, 1.0)
637852227405898640,1649625940.58986,938563,398,(0.1, 0.2, 1.0)
637852227406008648,1649625940.60086,938563,399,(0.1, 0.2, 1.0)
637852227406118635,1649625940.61186,938563,400,(0.1, 0.2, 1.0)
637852227406238638,1649625940.62386,938563,401,(0.1, 0.2, 1.0)
637852227406338638,1649625940.63386,938563,402,(0.1, 0.2, 1.0)
637852227406458642,1649625940.64586,938563,403,(0.1, 0.2, 1.0)
637852227406568640,1649625940.65686,938563,404,(0.1, 0.2, 1.0)
637852227406678633,1649625940.66786,938563,405,(0.1, 0.2, 1.0)
637852227406798640,1649625940.67986,938563,406,(0.1, 0.2, 1.0)
637852227406908635,1649625940.69086,938563,407,(0.1, 0.2, 1.0)
637852227407008629,1649625940.70086,938563,408,(0.1, 0.2, 1.0)
637852227407118645,1649625940.71186,938563,409,(0.1, 0.2, 1.0)
637852227407238640,1649625940.72386,938563,410,(0.1, 0.2, 1.0)
637852227407348639,1649625940.73486,938563,411,(0.1, 0.2, 1.0)
637852227407448636,1649625940.74486,938563,412,(0.1, 0.2, 1.0)
637852227407568631,1649625940.75686,938563,413,(0.1, 0.2, 1.0)
637852227407678632,1649625940.76786,938563,414,(0.1, 0.2, 1.0)
637852227407788637,1649625940.77886,938563,415,(0.1, 0.2, 1.0)
637852227407898633,1649625940.78986,938563,416,(0.1, 0.2, 1.0)
637852227408008640,1649625940.80086,938563,417,(0.1, 0.2, 1.0)
637852227408118638,1649625940.81186,938563,418,(0.1, 0.2, 1.0)
637852227408238630,1649625940.82386,938563,419,(0.1, 0.2, 1.0)
637852227408338637,1649625940.83386,938563,420,(0.1, 0.2, 1.0)
637852227408448640,1649625940.84486,938563,421,(0.1, 0.2, 1.0)
637852227408568637,1649625940.85686,938563,422,(0.1, 0.2, 1.0)
637852227408678630,1649625940.86786,938563,423,(0.1, 0.2, 1.0)
637852227408788628,1649625940.87886,938563,424,(0.1, 0.2, 1.0)
637852227408898629,1649625940.88986,938563,425,(0.1, 0.2, 1.0)
637852227409018638,1649625940.90186,938563,426,(0.1, 0.2, 1.0)
637852227409118636,1649625940.91186,938563,427,(0.1, 0.2, 1.0)
637852227409228637,1649625940.92286,938563,428,(0.1, 0.2, 1.0)
637852227409348637,1649625940.93486,938563,429,(0.1, 0.2, 1.0)
637852227409458636,1649625940.94586,938563,430,(0.1, 0.2, 1.0)
637852227409568637,1649625940.95686,938563,431,(0.1, 0.2, 1.0)
637852227409678639,1649625940.96786,938563,432,(0.1, 0.2, 1.0)
637852227409788635,1649625940.97886,938563,433,(0.1, 0.2, 1.0)
637852227409898629,1649625940.98986,938563,434,(0.1, 0.2, 1.0)
637852227410008631,1649625941.00086,938563,435,(0.1, 0.2, 1.0)
637852227410118642,1649625941.01186,938563,436,(0.1, 0.2, 1.0)
637852227410238644,1649625941.02386,938563,437,(0.1, 0.2, 1.0)
637852227410348637,1649625941.03486,938563,438,(0.1, 0.2, 1.0)
637852227410458628,1649625941.04586,938563,439,(0.1, 0.2, 1.0)
637852227410568627,1649625941.05686,938563,440,(0.1, 0.2, 1.0)
637852227410678630,1649625941.06786,938563,441,(0.1, 0.1, 1.0)
637852227410788633,1649625941.07886,938563,442,(0.0, 0.1, 1.0)
637852227410898636,1649625941.08986,938563,443,(-0.1, 0.1, 1.0)
637852227411008625,1649625941.10086,938563,444,(-0.2, 0.2, 1.0)
637852227411128629,1649625941.11286,938563,445,(-0.3, 0.1, 1.0)
637852227411238635,1649625941.12386,938563,446,(-0.4, 0.1, 0.9)
637852227411338633,1649625941.13386,938563,447,(-0.4, 0.1, 0.9)
637852227411458631,1649625941.14586,938563,448,(-0.4, 0.2, 0.9)
637852227411568632,1649625941.15686,938563,449,(-0.5, 0.1, 0.9)
637852227411678635,1649625941.16786,938563,450,(-0.4, 0.2, 0.9)
637852227411788637,1649625941.17886,938563,451,(-0.4, 0.2, 0.9)
637852227411898633,1649625941.18986,938563,452,(-0.4, 0.2, 0.9)
637852227412008629,1649625941.20086,938563,453,(-0.4, 0.2, 0.9)
637852227412118626,1649625941.21186,938563,454,(-0.4, 0.2, 0.9)
637852227412238626,1649625941.22386,938563,455,(-0.4, 0.2, 0.9)
637852227412338635,1649625941.23386,938563,456,(-0.4, 0.2, 0.9)
637852227412448627,1649625941.24486,938563,457,(-0.4, 0.2, 0.9)
637852227412568636,1649625941.25686,938563,458,(-0.4, 0.1, 0.9)
637852227412678648,1649625941.26786,938563,459,(-0.4, 0.1, 0.9)
637852227412788637,1649625941.27886,938563,460,(-0.5, 0.1, 0.9)
637852227412898634,1649625941.28986,938563,461,(-0.5, 0.2, 0.9)
637852227413008642,1649625941.30086,938563,462,(-0.5, 0.2, 0.9)
637852227413128635,1649625941.31286,938563,463,(-0.4, 0.1, 0.9)
637852227413238634,1649625941.32386,938563,464,(-0.4, 0.1, 0.9)
637852227413338632,1649625941.33386,938563,465,(-0.4, 0.1, 0.9)
637852227413458627,1649625941.34586,938563,466,(-0.4, 0.1, 0.9)
637852227413578634,1649625941.35786,938563,467,(-0.4, 0.1, 0.9)
637852227413678626,1649625941.36786,938563,468,(-0.5, 0.1, 0.9)
637852227413788634,1649625941.37886,938563,469,(-0.5, 0.1, 0.9)
637852227413898626,1649625941.38986,938563,470,(-0.5, 0.1, 0.8)
637852227414008632,1649625941.40086,938563,471,(-0.5, 0.1, 0.9)
637852227414118630,1649625941.41186,938563,472,(-0.5, 0.1, 0.9)
637852227414228632,1649625941.42286,938563,473,(-0.5, 0.1, 0.9)
637852227414338630,1649625941.43386,938563,474,(-0.5, 0.1, 0.9)
637852227414458633,1649625941.44586,938563,475,(-0.5, 0.1, 0.9)
637852227414568626,1649625941.45686,938563,476,(-0.5, 0.1, 0.9)
637852227414678633,1649625941.46786,938563,477,(-0.5, 0.1, 0.9)
637852227414788638,1649625941.47886,938563,478,(-0.5, 0.1, 0.9)
637852227414898630,1649625941.48986,938563,479,(-0.5, 0.1, 0.9)
637852227415008625,1649625941.50086,938563,480,(-0.5, 0.1, 0.9)
637852227415128629,1649625941.51286,938563,481,(-0.5, 0.1, 0.9)
637852227415238630,1649625941.52386,938563,482,(-0.6, 0.2, 0.8)
637852227415338629,1649625941.53386,938563,483,(-0.7, 0.3, 0.6)
637852227415448626,1649625941.54486,938563,484,(-0.8, 0.4, 0.5)
637852227415568631,1649625941.55686,938563,485,(-0.5, 0.3, 0.8)
637852227415678631,1649625941.56786,938563,486,(-0.5, 0.4, 0.8)
637852227415788631,1649625941.57886,938563,487,(-0.5, 0.4, 0.8)
637852227415898630,1649625941.58986,938563,488,(-0.4, 0.4, 0.8)
637852227416008628,1649625941.60086,938563,489,(-0.5, 0.4, 0.8)
637852227416118629,1649625941.61186,938563,490,(-0.5, 0.4, 0.8)
637852227416238625,1649625941.62386,938563,491,(-0.5, 0.4, 0.8)
637852227416348624,1649625941.63486,938563,492,(-0.5, 0.4, 0.8)
637852227416458629,1649625941.64586,938563,493,(-0.5, 0.5, 0.7)
637852227416558628,1649625941.65586,938563,494,(-0.5, 0.4, 0.8)
637852227416678638,1649625941.66786,938563,495,(-0.5, 0.4, 0.8)
637852227416788635,1649625941.67886,938563,496,(-0.5, 0.4, 0.8)
637852227416908626,1649625941.69086,938563,497,(-0.5, 0.4, 0.8)
637852227417008622,1649625941.70086,938563,498,(-0.5, 0.4, 0.8)
637852227417118629,1649625941.71186,938563,499,(-0.5, 0.4, 0.8)
637852227417228630,1649625941.72286,938563,500,(-0.5, 0.4, 0.8)
637852227417338632,1649625941.73386,938563,501,(-0.5, 0.4, 0.8)
637852227417458632,1649625941.74586,938563,502,(-0.5, 0.4, 0.8)
637852227417568629,1649625941.75686,938563,503,(-0.5, 0.4, 0.8)
637852227417678625,1649625941.76786,938563,504,(-0.5, 0.4, 0.8)
637852227417788627,1649625941.77886,938563,505,(-0.5, 0.4, 0.8)
637852227417898622,1649625941.78986,938563,506,(-0.5, 0.4, 0.8)
637852227418008621,1649625941.80086,938563,507,(-0.5, 0.4, 0.8)
637852227418128629,1649625941.81286,938563,508,(-0.5, 0.4, 0.8)
637852227418238620,1649625941.82386,938563,509,(-0.5, 0.4, 0.8)
637852227418338629,1649625941.83386,938563,510,(-0.5, 0.4, 0.8)
637852227418458620,1649625941.84586,938563,511,(-0.5, 0.4, 0.8)
637852227418568622,1649625941.85686,938563,512,(-0.5, 0.4, 0.8)
637852227418678627,1649625941.86786,938563,513,(-0.5, 0.4, 0.8)
637852227418788631,1649625941.87886,938563,514,(-0.5, 0.4, 0.8)
637852227418898626,1649625941.88986,938563,515,(-0.5, 0.4, 0.8)
637852227419008637,1649625941.90086,938563,516,(-0.5, 0.4, 0.8)
637852227419118626,1649625941.91186,938563,517,(-0.5, 0.4, 0.8)
637852227419238629,1649625941.92386,938563,518,(-0.5, 0.3, 0.8)
637852227419348623,1649625941.93486,938563,519,(-0.5, 0.3, 0.8)
637852227419458630,1649625941.94586,938563,520,(-0.5, 0.3, 0.8)
637852227419568628,1649625941.95686,938563,521,(-0.5, 0.3, 0.8)
637852227419678623,1649625941.96786,938563,522,(-0.5, 0.3, 0.8)
637852227419788628,1649625941.97886,938563,523,(-0.5, 0.3, 0.8)
637852227419908635,1649625941.99086,938563,524,(-0.5, 0.3, 0.8)
637852227420008624,1649625942.00086,938563,525,(-0.5, 0.3, 0.8)
637852227420118623,1649625942.01186,938563,526,(-0.5, 0.3, 0.8)
637852227420238628,1649625942.02386,938563,527,(-0.5, 0.3, 0.8)
637852227420348618,1649625942.03486,938563,528,(-0.5, 0.3, 0.8)
637852227420458626,1649625942.04586,938563,529,(-0.5, 0.3, 0.8)
637852227420568626,1649625942.05686,938563,530,(-0.5, 0.3, 0.8)
637852227420678620,1649625942.06786,938563,531,(-0.5, 0.3, 0.8)
637852227420788629,1649625942.07886,938563,532,(-0.5, 0.3, 0.8)
637852227420898628,1649625942.08986,938563,533,(-0.5, 0.3, 0.8)
637852227421008625,1649625942.10086,938563,534,(-0.5, 0.3, 0.8)
637852227421118625,1649625942.11186,938563,535,(-0.5, 0.3, 0.8)
637852227421238619,1649625942.12386,938563,536,(-0.5, 0.3, 0.8)
637852227421338625,1649625942.13386,938563,537,(-0.5, 0.3, 0.8)
637852227421458627,1649625942.14586,938563,538,(-0.5, 0.3, 0.8)
637852227421568620,1649625942.15686,938563,539,(-0.5, 0.3, 0.8)
637852227421678622,1649625942.16786,938563,540,(-0.5, 0.3, 0.8)
637852227421788619,1649625942.17886,938563,541,(-0.5, 0.3, 0.8)
637852227421898616,1649625942.18986,938563,542,(-0.5, 0.3, 0.8)
637852227422018617,1649625942.20186,938563,543,(-0.5, 0.3, 0.8)
637852227422118630,1649625942.21186,938563,544,(-0.5, 0.3, 0.8)
637852227422238619,1649625942.22386,938563,545,(-0.5, 0.3, 0.8)
637852227422348619,1649625942.23486,938563,546,(-0.5, 0.3, 0.8)
637852227422448622,1649625942.24486,938563,547,(-0.5, 0.3, 0.8)
637852227422568624,1649625942.25686,938563,548,(-0.5, 0.3, 0.8)
637852227422688621,1649625942.26886,938563,549,(-0.5, 0.3, 0.8)
637852227422788618,1649625942.27886,938563,550,(-0.5, 0.3, 0.8)
637852227422898629,1649625942.28986,938563,551,(-0.5, 0.3, 0.8)
637852227423008618,1649625942.30086,938563,552,(-0.5, 0.3, 0.8)
637852227423118623,1649625942.31186,938563,553,(-0.5, 0.5, 0.7)
637852227423238626,1649625942.32386,938563,554,(-0.5, 0.5, 0.7)
637852227423338618,1649625942.33386,938563,555,(-0.5, 0.5, 0.7)
637852227423458625,1649625942.34586,938563,556,(-0.5, 0.5, 0.7)
637852227423568626,1649625942.35686,938563,557,(-0.5, 0.5, 0.7)
637852227423678623,1649625942.36786,938563,558,(-0.5, 0.5, 0.7)
637852227423788621,1649625942.37886,938563,559,(-0.5, 0.5, 0.7)
637852227423898624,1649625942.38986,938563,560,(-0.5, 0.5, 0.8)
637852227424008616,1649625942.40086,938563,561,(-0.5, 0.5, 0.8)
637852227424128625,1649625942.41286,938563,562,(-0.5, 0.4, 0.8)
637852227424238615,1649625942.42386,938563,563,(-0.5, 0.4, 0.8)
637852227424338622,1649625942.43386,938563,564,(-0.5, 0.5, 0.8)
637852227424458625,1649625942.44586,938563,565,(-0.5, 0.4, 0.8)
637852227424568616,1649625942.45686,938563,566,(-0.5, 0.5, 0.7)
637852227424678624,1649625942.46786,938563,567,(-0.5, 0.5, 0.7)
637852227424788632,1649625942.47886,938563,568,(-0.5, 0.5, 0.7)
637852227424898616,1649625942.48986,938563,569,(-0.5, 0.5, 0.7)
637852227425008615,1649625942.50086,938563,570,(-0.5, 0.4, 0.8)
637852227425128619,1649625942.51286,938563,571,(-0.5, 0.4, 0.8)
637852227425228621,1649625942.52286,938563,572,(-0.5, 0.4, 0.8)
637852227425338622,1649625942.53386,938563,573,(-0.5, 0.4, 0.8)
637852227425448621,1649625942.54486,938563,574,(-0.5, 0.4, 0.8)
637852227425568620,1649625942.55686,938563,575,(-0.5, 0.4, 0.8)
637852227425678613,1649625942.56786,938563,576,(-0.5, 0.4, 0.8)
637852227425788611,1649625942.57886,938563,577,(-0.4, 0.3, 0.8)
637852227425908617,1649625942.59086,938563,578,(-0.5, 0.2, 0.9)
637852227426008619,1649625942.60086,938563,579,(-0.5, 0.3, 0.8)
637852227426118614,1649625942.61186,938563,580,(-0.5, 0.3, 0.8)
637852227426238612,1649625942.62386,938563,581,(-0.5, 0.3, 0.8)
637852227426338624,1649625942.63386,938563,582,(-0.5, 0.3, 0.8)
637852227426458613,1649625942.64586,938563,583,(-0.5, 0.3, 0.8)
637852227426568621,1649625942.65686,938563,584,(-0.5, 0.3, 0.8)
637852227426678622,1649625942.66786,938563,585,(-0.5, 0.3, 0.8)
637852227426788621,1649625942.67886,938563,586,(-0.5, 0.3, 0.8)
637852227426898614,1649625942.68986,938563,587,(-0.5, 0.3, 0.8)
637852227427008613,1649625942.70086,938563,588,(-0.5, 0.3, 0.8)
637852227427138621,1649625942.71386,938563,589,(-0.5, 0.3, 0.8)
637852227427248622,1649625942.72486,938563,590,(-0.5, 0.3, 0.8)
637852227427348621,1649625942.73486,938563,591,(-0.5, 0.3, 0.8)
637852227427458613,1649625942.74586,938563,592,(-0.5, 0.3, 0.8)
637852227427568617,1649625942.75686,938563,593,(-0.5, 0.3, 0.8)
637852227427678622,1649625942.76786,938563,594,(-0.5, 0.3, 0.8)
637852227427788620,1649625942.77886,938563,595,(-0.5, 0.2, 0.8)
637852227427898616,1649625942.78986,938563,596,(-0.5, 0.2, 0.8)
637852227428008622,1649625942.80086,938563,597,(-0.5, 0.3, 0.8)
637852227428118619,1649625942.81186,938563,598,(-0.5, 0.3, 0.8)
637852227428238624,1649625942.82386,938563,599,(-0.5, 0.3, 0.8)
637852227428348619,1649625942.83486,938563,600,(-0.5, 0.3, 0.8)
637852227428458612,1649625942.84586,938563,601,(-0.5, 0.3, 0.8)
637852227428568611,1649625942.85686,938563,602,(-0.5, 0.3, 0.8)
637852227428678614,1649625942.86786,938563,603,(-0.5, 0.3, 0.8)
637852227428788622,1649625942.87886,938563,604,(-0.5, 0.3, 0.8)
637852227428898620,1649625942.88986,938563,605,(-0.5, 0.3, 0.8)
637852227429008612,1649625942.90086,938563,606,(-0.5, 0.3, 0.8)
637852227429128611,1649625942.91286,938563,607,(-0.5, 0.3, 0.8)
637852227429238620,1649625942.92386,938563,608,(-0.5, 0.3, 0.8)
637852227429348613,1649625942.93486,938563,609,(-0.5, 0.3, 0.8)
637852227429458622,1649625942.94586,938563,610,(-0.5, 0.3, 0.8)
637852227429568612,1649625942.95686,938563,611,(-0.5, 0.3, 0.8)
637852227429678626,1649625942.96786,938563,612,(-0.5, 0.3, 0.8)
637852227429788621,1649625942.97886,938563,613,(-0.5, 0.3, 0.8)
637852227429898621,1649625942.98986,938563,614,(-0.5, 0.3, 0.8)
637852227430008612,1649625943.00086,938563,615,(-0.5, 0.3, 0.8)
637852227430118612,1649625943.01186,938563,616,(-0.5, 0.3, 0.8)
637852227430228614,1649625943.02286,938563,617,(-0.5, 0.3, 0.8)
637852227430348621,1649625943.03486,938563,618,(-0.5, 0.3, 0.8)
637852227430458623,1649625943.04586,938563,619,(-0.5, 0.3, 0.8)
637852227430568612,1649625943.05686,938563,620,(-0.5, 0.4, 0.8)
637852227430678613,1649625943.06786,938563,621,(-0.5, 0.4, 0.8)
637852227430788620,1649625943.07886,938563,622,(-0.5, 0.4, 0.8)
637852227430898621,1649625943.08986,938563,623,(-0.5, 0.3, 0.8)
637852227431008618,1649625943.10086,938563,624,(-0.5, 0.3, 0.8)
637852227431118613,1649625943.11186,938563,625,(-0.5, 0.3, 0.8)
637852227431238612,1649625943.12386,938563,626,(-0.5, 0.3, 0.8)
637852227431348614,1649625943.13486,938563,627,(-0.5, 0.3, 0.8)
637852227431458622,1649625943.14586,938563,628,(-0.5, 0.3, 0.8)
637852227431568613,1649625943.15686,938563,629,(-0.5, 0.3, 0.8)
637852227431718623,1649625943.17186,938563,630,(-0.5, 0.3, 0.8)
637852227431718623,1649625943.17186,938563,631,(-0.5, 0.3, 0.8)
637852227431908609,1649625943.19086,938563,632,(-0.5, 0.3, 0.8)
637852227432008620,1649625943.20086,938563,633,(-0.5, 0.3, 0.8)
637852227432118624,1649625943.21186,938563,634,(-0.4, 0.3, 0.9)
637852227432238613,1649625943.22386,938563,635,(-0.2, 0.3, 0.9)
637852227432348612,1649625943.23486,938563,636,(-0.2, 0.4, 0.9)
637852227432458610,1649625943.24586,938563,637,(-0.1, 0.3, 0.9)
637852227432568621,1649625943.25686,938563,638,(0.1, 0.4, 0.9)
637852227432678616,1649625943.26786,938563,639,(0.1, 0.3, 0.9)
637852227432788616,1649625943.27886,938563,640,(0.1, 0.3, 0.9)
637852227432908617,1649625943.29086,938563,641,(0.3, 0.3, 0.9)
637852227433018614,1649625943.30186,938563,642,(0.3, 0.4, 0.9)
637852227433128627,1649625943.31286,938563,643,(0.4, 0.7, 0.6)
637852227433238610,1649625943.32386,938563,644,(0.4, 0.7, 0.6)
637852227433348610,1649625943.33486,938563,645,(0.5, 0.4, 0.8)
637852227433458916,1649625943.34589,938563,646,(0.4, 0.4, 0.8)
637852227433568610,1649625943.35686,938563,647,(0.4, 0.4, 0.8)
637852227433678623,1649625943.36786,938563,648,(0.4, 0.4, 0.8)
637852227433788611,1649625943.37886,938563,649,(0.4, 0.4, 0.8)
637852227433898618,1649625943.38986,938563,650,(0.4, 0.4, 0.8)
637852227434008609,1649625943.40086,938563,651,(0.4, 0.4, 0.8)
637852227434118611,1649625943.41186,938563,652,(0.4, 0.4, 0.8)
637852227434238622,1649625943.42386,938563,653,(0.4, 0.4, 0.8)
637852227434348619,1649625943.43486,938563,654,(0.4, 0.4, 0.8)
637852227434458610,1649625943.44586,938563,655,(0.4, 0.4, 0.8)
637852227434568852,1649625943.45689,938563,656,(0.5, 0.5, 0.8)
637852227434678614,1649625943.46786,938563,657,(0.5, 0.4, 0.8)
637852227434788619,1649625943.47886,938563,658,(0.4, 0.4, 0.8)
637852227434908609,1649625943.49086,938563,659,(0.4, 0.4, 0.8)
637852227435018607,1649625943.50186,938563,660,(0.4, 0.4, 0.8)
637852227435128608,1649625943.51286,938563,661,(0.4, 0.4, 0.8)
637852227435238819,1649625943.52388,938563,662,(0.4, 0.5, 0.8)
637852227435348614,1649625943.53486,938563,663,(0.4, 0.5, 0.8)
637852227435458611,1649625943.54586,938563,664,(0.4, 0.5, 0.8)
637852227435568615,1649625943.55686,938563,665,(0.4, 0.5, 0.8)
637852227435678610,1649625943.56786,938563,666,(0.4, 0.5, 0.8)
637852227435788607,1649625943.57886,938563,667,(0.3, 0.5, 0.8)